0.739011
0.738948
0.738882
0.738827
0.738775
0.738748
0.738742
0.738727
0.738694
0.738659
0.738628
0.738599
0.738572
0.738547
0.738526
0.738499
0.738454
0.738413
0.738389
0.738368
0.738349
0.738337
0.738318
0.738301
0.738282
0.738262
0.738246
0.738232
0.738217
0.738193
0.738177
0.738156
0.738011
0.737829
0.737758
0.737719
0.737683
0.737647
0.737614
0.737581
0.737543
0.737511
0.737501
0.737446
0.737410
0.737385
0.737363
0.737339
0.737287
0.737206
0.737161
0.737135
0.737112
0.737087
0.737063
0.737043
0.737018
0.736972
0.736948
0.736930
0.736918
0.736901
0.736885
0.736866
0.736511
0.735255
0.734680
0.734478
0.734357
0.734249
0.734146
0.733898
0.733799
0.733665
0.733582
0.733518
0.733564
0.733960
0.734237
0.734315
0.734311
0.734219
0.734170
0.734144
0.734123
0.734097
0.734076
0.734055
0.734032
0.733994
0.733964
0.733948
0.733932
0.733916
0.733907
0.733905
0.733885
0.733562
0.733258
0.733173
0.733101
0.733069
0.733042
0.733013
0.732997
0.732966
0.732932
0.732913
0.732901
0.732887
0.732871
0.732873
0.732901
0.732860
0.732743
0.732713
0.732701
0.732689
0.732675
0.732664
0.732657
0.732643
0.732607
0.732595
0.732587
0.732580
0.732568
0.732562
0.732521
0.730922
0.722465
0.719683
0.719054
0.718717
0.718334
0.718105
0.717930
0.717780
0.717616
0.717472
0.717349
0.717248
0.717150
0.717057
0.716974
0.716884
0.716851
0.716805
0.716757
0.716702
0.716655
0.716603
0.716560
0.716516
0.716463
0.716400
0.716361
0.716328
0.716298
0.716264
0.716239
0.716213
0.716110
0.715496
0.715298
0.715253
0.715217
0.715183
0.715159
0.715140
0.715122
0.715076
0.715046
0.715032
0.715020
0.715001
0.714987
0.714976
0.714964
0.714878
0.714766
0.714783
0.714785
0.714777
0.714764
0.714758
0.714751
0.714739
0.714695
0.714684
0.714677
0.714671
0.714657
0.714651
0.714639
0.714454
0.712036
0.710967
0.710810
0.710747
0.710687
0.710647
0.710615
0.710590
0.710543
0.710491
0.710467
0.710449
0.710427
0.710405
0.710389
0.710373
0.710324
0.710288
0.711677
0.713383
0.713796
0.713924
0.714025
0.714084
0.714116
0.714101
0.714115
0.714137
0.714157
0.714164
0.714176
0.714187
0.714169
0.713616
0.713260
0.713245
0.713248
0.713244
0.713242
0.713248
0.713249
0.713236
0.713203
0.713205
0.713207
0.713212
0.713206
0.713210
0.713210
0.713181
0.713001
0.712995
0.713041
0.713054
0.713050
0.713051
0.713052
0.713053
0.713013
0.712999
0.713003
0.713004
0.712996
0.712993
0.712957
0.712044
0.693404
0.672002
0.670074
0.669540
0.669187
0.668889
0.668715
0.668512
0.668343
0.668172
0.668051
0.667914
0.667812
0.667701
0.667599
0.667518
0.667439
0.667309
0.667141
0.667242
0.667265
0.667231
0.667182
0.667146
0.667109
0.667073
0.667015
0.666971
0.666944
0.666918
0.666894
0.666867
0.666848
0.666825
0.666735
0.666082
0.665905
0.665878
0.665858
0.665836
0.665816
0.665803
0.665790
0.665771
0.665722
0.665711
0.665700
0.665693
0.665676
0.665666
0.665658
0.665644
0.665570
0.665471
0.665476
0.665469
0.665461
0.665447
0.665441
0.665434
0.665427
0.665389
0.665369
0.665363
0.665358
0.665350
0.665336
0.665330
0.665305
0.664968
0.662251
0.661654
0.661596
0.661562
0.661534
0.661509
0.661492
0.661473
0.661450
0.661398
0.661381
0.661367
0.661355
0.661335
0.661326
0.661366
0.661790
0.662248
0.662222
0.662234
0.662241
0.662243
0.662236
0.662236
0.662233
0.662233
0.662192
0.662180
0.662178
0.662177
0.662171
0.662164
0.662164
0.662165
0.662021
0.661309
0.661230
0.661218
0.661211
0.661197
0.661191
0.661188
0.661185
0.661159
0.661121
0.661116
0.661111
0.661108
0.661100
0.661136
0.661158
0.661144
0.660978
0.660922
0.660914
0.660909
0.660902
0.660892
0.660890
0.660884
0.660872
0.660825
0.660819
0.660813
0.660811
0.660806
0.660808
0.660789
0.660427
0.654514
0.645890
0.645446
0.645289
0.645192
0.645109
0.645045
0.644996
0.644947
0.644869
0.644817
0.644789
0.644861
0.644987
0.644976
0.644957
0.644937
0.644894
0.644692
0.644645
0.644626
0.644611
0.644590
0.644569
0.644556
0.644543
0.644522
0.644466
0.644457
0.644455
0.644446
0.644429
0.644418
0.644408
0.644383
0.644100
0.643437
0.643397
0.643377
0.643363
0.643341
0.643331
0.643321
0.643311
0.643294
0.643305
0.643303
0.643297
0.643289
0.643273
0.643267
0.643258
0.643239
0.643067
0.643003
0.642993
0.642985
0.642974
0.642960
0.642955
0.642951
0.642951
0.642902
0.642890
0.642883
0.642878
0.642866
0.642857
0.642853
0.642804
0.641946
0.639024
0.638842
0.638784
0.638750
0.638715
0.638695
0.638679
0.638662
0.638626
0.638582
0.638569
0.638557
0.638545
0.638526
0.638519
0.638508
0.638488
0.638317
0.638240
0.638228
0.638219
0.638220
0.638206
0.638200
0.638192
0.638181
0.638127
0.638115
0.638108
0.638104
0.638091
0.638080
0.638075
0.638060
0.637875
0.637102
0.637071
0.637094
0.637087
0.637071
0.637062
0.637056
0.637048
0.637025
0.636980
0.636974
0.636966
0.636960
0.636945
0.636940
0.636935
0.636925
0.636830
0.636689
0.636680
0.636672
0.636665
0.636648
0.636643
0.636638
0.636635
0.636598
0.636569
0.636563
0.636558
0.636553
0.636548
0.636648
0.636813
0.636831
0.636840
0.636845
0.636845
0.636842
0.636838
0.636830
0.636829
0.636825
0.636817
0.636767
0.636758
0.636754
0.636754
0.636758
0.636750
0.636748
0.636743
0.636703
0.636497
0.636481
0.636474
0.636472
0.636460
0.636453
0.636450
0.636446
0.636428
0.636389
0.636434
0.636446
0.636446
0.636435
0.636433
0.636430
0.636404
0.636024
0.635393
0.635367
0.635350
0.635340
0.635323
0.635318
0.635314
0.635320
0.635287
0.635258
0.635254
0.635250
0.635244
0.635231
0.635229
0.635226
0.635206
0.635008
0.634958
0.634951
0.634952
0.635089
0.635870
0.636106
0.636161
0.636184
0.636149
0.636153
0.636154
0.636157
0.636155
0.636151
0.636152
0.636104
0.635197
0.631964
0.631820
0.631774
0.631744
0.631718
0.631707
0.631701
0.631693
0.631664
0.631624
0.631620
0.631614
0.631609
0.631594
0.631589
0.631586
0.631601
0.631485
0.631388
0.631384
0.631381
0.631374
0.631361
0.631360
0.631359
0.631352
0.631299
0.631290
0.631287
0.631284
0.631278
0.631282
0.631284
0.631272
0.631089
0.630225
0.630177
0.630158
0.630151
0.630138
0.630132
0.630129
0.630124
0.630102
0.630067
0.630192
0.630356
0.630374
0.630372
0.630377
0.630376
0.630366
0.630230
0.630107
0.630102
0.630098
0.630094
0.630081
0.630081
0.630082
0.630092
0.630043
0.630032
0.630031
0.630030
0.630025
0.630016
0.630019
0.629920
0.627693
0.613089
0.612035
0.611761
0.611631
0.611607
0.611585
0.611560
0.611536
0.611501
0.611426
0.611402
0.611385
0.611369
0.611344
0.611326
0.611312
0.611295
0.611229
0.611010
0.611004
0.610989
0.610979
0.610963
0.610949
0.610941
0.610934
0.610918
0.610859
0.610849
0.610842
0.610835
0.610837
0.611119
0.612736
0.613160
0.613094
0.612230
0.612204
0.612190
0.612186
0.612182
0.612177
0.612179
0.612178
0.612168
0.612111
0.612112
0.612120
0.612130
0.612125
0.612119
0.612119
0.612116
0.612077
0.611842
0.611831
0.611825
0.611823
0.611817
0.611809
0.611809
0.611831
0.611873
0.611821
0.611822
0.611821
0.611821
0.611816
0.611807
0.611810
0.611783
0.611178
0.607278
0.607017
0.606949
0.606921
0.606914
0.606902
0.606897
0.606888
0.606875
0.606811
0.606804
0.606800
0.606795
0.606784
0.606773
0.606769
0.606767
0.606805
0.606794
0.606805
0.606812
0.606814
0.606807
0.606796
0.606795
0.606794
0.606785
0.606723
0.606717
0.606714
0.606712
0.606709
0.606711
0.606711
0.606704
0.606594
0.605608
0.605489
0.605470
0.605462
0.605452
0.605439
0.605436
0.605432
0.605426
0.605390
0.605435
0.605439
0.605439
0.605435
0.605423
0.605421
0.605419
0.605399
0.605159
0.605115
0.605110
0.605106
0.605102
0.605098
0.605107
0.605105
0.605101
0.605046
0.605033
0.605031
0.605031
0.605030
0.605018
0.605017
0.604980
0.603115
0.580675
0.573208
0.572968
0.572791
0.572740
0.572694
0.572660
0.572627
0.572597
0.572543
0.572484
0.572460
0.572435
0.572414
0.572386
0.572379
0.572368
0.572351
0.572304
0.572081
0.572058
0.572043
0.572030
0.572014
0.571996
0.571986
0.571975
0.571962
0.571932
0.571922
0.571946
0.571942
0.571937
0.571923
0.571913
0.571905
0.571893
0.571781
0.570911
0.570829
0.570809
0.570796
0.570789
0.570776
0.570781
0.570773
0.570769
0.570744
0.570697
0.570693
0.570686
0.570684
0.570674
0.570665
0.570662
0.570657
0.570638
0.570508
0.570647
0.570662
0.570668
0.570669
0.570656
0.570654
0.570652
0.570655
0.570637
0.570589
0.570587
0.570583
0.570583
0.570581
0.570585
0.570584
0.570581
0.570378
0.567771
0.566298
0.566225
0.566196
0.566187
0.566169
0.566164
0.566158
0.566153
0.566164
0.566154
0.566156
0.566155
0.566154
0.566147
0.566134
0.566134
0.566134
0.566128
0.566026
0.565866
0.565857
0.565852
0.565858
0.565860
0.565857
0.565857
0.565851
0.565841
0.565786
0.565773
0.565770
0.565763
0.565757
0.565740
0.565736
0.565732
0.565719
0.565516
0.564647
0.564610
0.564593
0.564586
0.564577
0.564565
0.564561
0.564554
0.564549
0.564516
0.564477
0.564472
0.564479
0.564478
0.564467
0.564459
0.564456
0.564449
0.564426
0.564200
0.564169
0.564162
0.564157
0.564153
0.564138
0.564149
0.564198
0.564201
0.564187
0.564132
0.564128
0.564122
0.564122
0.564117
0.564105
0.564102
0.564096
0.563646
0.555122
0.546205
0.545849
0.545724
0.545696
0.545662
0.545639
0.545620
0.545601
0.545579
0.545508
0.545485
0.545469
0.545453
0.545468
0.545662
0.545696
0.545697
0.545689
0.545653
0.545402
0.545379
0.545368
0.545356
0.545345
0.545322
0.545314
0.545305
0.545299
0.545296
0.545232
0.545225
0.545217
0.545209
0.545201
0.545183
0.545179
0.545172
0.545161
0.544984
0.544036
0.543997
0.544012
0.544046
0.544043
0.544026
0.544021
0.544014
0.544005
0.543992
0.543932
0.543926
0.543921
0.543915
0.543908
0.543892
0.543901
0.543898
0.543893
0.543833
0.543604
0.543592
0.543585
0.543582
0.543576
0.543559
0.543556
0.543551
0.543558
0.543891
0.544729
0.544832
0.544870
0.544875
0.544874
0.544861
0.544863
0.544863
0.544839
0.543817
0.540240
0.540122
0.540084
0.540091
0.540087
0.540072
0.540069
0.540063
0.540062
0.540043
0.539990
0.539986
0.539981
0.539980
0.539974
0.539961
0.539985
0.540028
0.540030
0.539964
0.539741
0.539733
0.539728
0.539730
0.539726
0.539712
0.539711
0.539708
0.539706
0.539694
0.539652
0.539651
0.539648
0.539649
0.539646
0.539632
0.539633
0.539634
0.539629
0.539411
0.538456
0.538424
0.538428
0.538638
0.538732
0.538735
0.538737
0.538735
0.538735
0.538723
0.538667
0.538666
0.538663
0.538664
0.538662
0.538648
0.538657
0.538666
0.538667
0.538623
0.538375
0.538368
0.538365
0.538369
0.538369
0.538355
0.538356
0.538355
0.538355
0.538374
0.538363
0.538367
0.538368
0.538369
0.538370
0.538357
0.538361
0.538361
0.538363
0.538363
0.538364
0.538363
0.538366
0.538376
0.538375
0.538359
0.538359
0.538357
0.538354
0.538349
0.538282
0.538279
0.538276
0.538274
0.538280
0.538794
0.539937
0.540071
0.540090
0.540071
0.539793
0.539787
0.539792
0.539795
0.539798
0.539784
0.539788
0.539790
0.539800
0.539807
0.539742
0.539744
0.539745
0.539746
0.539748
0.539738
0.539742
0.539744
0.539745
0.539667
0.538516
0.538533
0.538548
0.538550
0.538552
0.538536
0.538537
0.538539
0.538541
0.538538
0.538467
0.538465
0.538467
0.538468
0.538485
0.538470
0.538472
0.538473
0.538471
0.538455
0.538165
0.538156
0.538154
0.538154
0.538154
0.538138
0.538272
0.538459
0.538478
0.538477
0.538407
0.538406
0.538407
0.538410
0.538411
0.538395
0.538396
0.538396
0.538398
0.538204
0.533373
0.533171
0.533147
0.533144
0.533139
0.533123
0.533121
0.533119
0.533115
0.533111
0.533035
0.533060
0.533112
0.533113
0.533112
0.533094
0.533093
0.533093
0.533094
0.533089
0.532789
0.532762
0.532758
0.532754
0.532770
0.532754
0.532751
0.532750
0.532745
0.532743
0.532686
0.532666
0.532665
0.532662
0.532661
0.532651
0.533254
0.533944
0.534002
0.534003
0.533360
0.532679
0.532669
0.532671
0.532674
0.532670
0.532662
0.532664
0.532662
0.532682
0.532661
0.532605
0.532606
0.532604
0.532607
0.532608
0.532595
0.532596
0.532595
0.532598
0.532548
0.532346
0.532355
0.532354
0.532356
0.532355
0.532339
0.532344
0.532343
0.532345
0.532342
0.532267
0.532266
0.532280
0.532287
0.532288
0.532271
0.532272
0.532272
0.532273
0.531750
0.511011
0.510281
0.510252
0.510230
0.510355
0.510536
0.510533
0.510520
0.510505
0.510493
0.510417
0.510394
0.510383
0.510367
0.510359
0.510342
0.510321
0.510333
0.510321
0.510312
0.510277
0.509954
0.509939
0.509934
0.509926
0.509920
0.509895
0.509888
0.509882
0.509928
0.509957
0.509888
0.509862
0.509857
0.509847
0.509843
0.509839
0.509819
0.509815
0.509809
0.509805
0.509756
0.508441
0.508408
0.508403
0.508397
0.508392
0.508367
0.508367
0.508363
0.508354
0.508351
0.508318
0.508257
0.508253
0.508245
0.508243
0.508239
0.508217
0.508213
0.508212
0.508208
0.508204
0.507861
0.507844
0.507842
0.507842
0.507855
0.507847
0.507831
0.507829
0.507821
0.507821
0.507822
0.507737
0.507734
0.507733
0.507728
0.507728
0.507794
0.507799
0.507796
0.507791
0.507789
0.505999
0.502011
0.501994
0.501985
0.501981
0.501974
0.501949
0.501965
0.501963
0.501956
0.501953
0.501864
0.501857
0.501858
0.501851
0.501848
0.501843
0.501823
0.501820
0.502081
0.502214
0.502210
0.501853
0.501845
0.501844
0.501840
0.501842
0.501827
0.501818
0.501818
0.501812
0.501817
0.501831
0.501743
0.501742
0.501740
0.501737
0.501736
0.501719
0.501718
0.501718
0.501714
0.501711
0.501500
0.500338
0.500337
0.500331
0.500332
0.500329
0.500307
0.500312
0.500312
0.500307
0.500307
0.500251
0.500215
0.500236
0.500230
0.500229
0.500231
0.500209
0.500207
0.500212
0.500208
0.500207
0.499848
0.499835
0.499840
0.501404
0.501435
0.501437
0.501420
0.501422
0.501420
0.501428
0.501431
0.501344
0.501347
0.501350
0.501348
0.501374
0.501373
0.501359
0.501364
0.501361
0.501365
0.501373
0.482562
0.482481
0.482470
0.482456
0.482446
0.482508
0.482490
0.482480
0.482468
0.482461
0.482454
0.482378
0.482372
0.482366
0.482359
0.482353
0.482345
0.482345
0.482339
0.482332
0.482327
0.482322
0.482014
0.482013
0.482007
0.481998
0.481995
0.481992
0.481970
0.482278
0.482280
0.482274
0.482273
0.482197
0.482194
0.482195
0.482188
0.482188
0.482187
0.482168
0.482166
0.482183
0.482179
0.482178
0.482009
0.480942
0.480941
0.480941
0.480939
0.480937
0.480919
0.480918
0.480916
0.480989
0.480994
0.480995
0.480920
0.480919
0.480919
0.480921
0.480920
0.480915
0.480902
0.480901
0.480896
0.480914
0.480915
0.480605
0.480605
0.480605
0.480603
0.480588
0.480585
0.480587
0.481727
0.481716
0.481712
0.481697
0.481698
0.481693
0.476553
0.476542
0.476537
0.476518
0.476511
0.476507
0.476509
0.476503
0.476487
0.476480
0.476471
0.476168
0.476161
0.476137
0.476139
0.476132
0.476373
0.476399
0.476396
0.476380
0.476376
0.475084
0.475072
0.475069
0.475045
0.475043
0.475041
0.475010
0.475043
0.475040
0.475027
0.475021
0.474684
0.474705
0.474699
0.474677
0.474678
0.474678
0.474597
0.475875
0.475878
0.475858
0.475860
0.474418
0.454309
0.454289
0.454256
0.454248
0.454233
0.454139
0.454217
0.454199
0.454170
0.454166
0.454153
0.453801
0.453815
0.453803
0.453774
0.453772
0.453761
0.453668
0.454017
0.454006
0.453979
0.453977
0.453968
0.452573
0.452586
0.452577
0.452552
0.452551
0.452540
0.452451
0.452539
0.452531
0.452506
0.452506
0.452499
0.452152
0.452161
0.452153
0.452132
0.452130
0.452124
0.452101
0.452028
0.452020
0.452016
0.451998
0.451989
0.451901
0.446279
0.446269
0.446262
0.446240
0.446235
0.446236
0.446227
0.446223
0.446213
0.446192
0.446187
0.446178
0.446004
0.445829
0.445819
0.445819
0.445793
0.445817
0.446174
0.446083
0.446077
0.446075
0.446050
0.446047
0.446059
0.444959
0.444592
0.444587
0.444580
0.444564
0.444645
0.444640
0.444548
0.444547
0.444540
0.444518
0.444534
0.444525
0.444303
0.444156
0.444149
0.444260
0.445639
0.445695
0.445691
0.445609
0.445606
0.445602
0.445605
0.445600
0.445596
0.445600
0.445600
0.445603
0.445683
0.445673
0.445671
0.445670
0.445598
0.445578
0.445592
0.445589
0.445573
0.445571
0.445560
0.445240
0.445528
0.445581
0.445565
0.445564
0.445561
0.445554
0.445490
0.445489
0.445490
0.445474
0.445472
0.445453
0.444650
0.444040
0.444032
0.444035
0.444015
0.444015
0.444027
0.443956
0.443941
0.443941
0.443942
0.443982
0.444425
0.444524
0.444183
0.444150
0.444146
0.444138
0.444146
0.444146
0.444144
0.444061
0.444059
0.444067
0.444126
0.444137
0.444043
0.443478
0.437972
0.437692
0.437703
0.437689
0.437682
0.437679
0.437677
0.437637
0.437934
0.438013
0.437998
0.437995
0.437986
0.437928
0.437625
0.437610
0.437608
0.437595
0.437592
0.437595
0.437652
0.437593
0.437588
0.437587
0.437574
0.437564
0.437550
0.437458
0.436104
0.435953
0.436020
0.436137
0.437115
0.437456
0.437467
0.437391
0.437378
0.437375
0.437384
0.437376
0.437367
0.437358
0.437082
0.436982
0.437040
0.437063
0.437047
0.437047
0.437044
0.436995
0.436968
0.436969
0.436968
0.436954
0.436958
0.436579
0.429823
0.412441
0.410414
0.410323
0.410297
0.410281
0.410284
0.410275
0.410190
0.410163
0.410149
0.410141
0.410177
0.410202
0.410194
0.410075
0.409797
0.409746
0.409746
0.409743
0.409726
0.409716
0.409711
0.409689
0.409601
0.409585
0.409573
0.409567
0.409541
0.409534
0.409525
0.409520
0.408098
0.407841
0.407800
0.407793
0.407783
0.407761
0.407755
0.407844
0.407852
0.407753
0.407745
0.407737
0.407733
0.407718
0.407724
0.407722
0.407715
0.407713
0.407293
0.407272
0.407259
0.407629
0.407658
0.407656
0.407655
0.407653
0.407649
0.407542
0.407561
0.407555
0.407553
0.407536
0.407528
0.407524
0.407518
0.407530
0.401277
0.401030
0.400999
0.400992
0.400972
0.400958
0.400972
0.400967
0.400965
0.400871
0.400867
0.400861
0.400858
0.402304
0.402510
0.402536
0.402535
0.402539
0.402173
0.402144
0.402159
0.402158
0.402159
0.402135
0.402137
0.402132
0.402131
0.402164
0.402130
0.402130
0.402126
0.402130
0.402106
0.402104
0.402119
0.402123
0.402114
0.400556
0.400512
0.400503
0.400501
0.400754
0.400896
0.400905
0.400901
0.400905
0.400813
0.400807
0.400816
0.400825
0.400826
0.400802
0.400807
0.400804
0.400805
0.400808
0.400505
0.400501
0.400496
0.400499
0.400483
0.400474
0.400479
0.400493
0.400493
0.400396
0.400395
0.400394
0.400391
0.400388
0.400363
0.400361
0.400357
0.400362
0.400361
0.400364
0.400364
0.400384
0.400384
0.400380
0.400366
0.400366
0.400361
0.400361
0.400371
0.400364
0.400363
0.400364
0.400364
0.400341
0.400339
0.400364
0.400360
0.400360
0.399954
0.399945
0.399941
0.399939
0.400356
0.400338
0.400340
0.400342
0.400343
0.400345
0.400242
0.400268
0.400264
0.400264
0.400272
0.400248
0.400249
0.400244
0.400348
0.399442
0.398661
0.398657
0.398649
0.398648
0.398624
0.398650
0.398650
0.398645
0.398650
0.398548
0.398549
0.398548
0.400172
0.400193
0.400173
0.400183
0.400186
0.400185
0.400188
0.399789
0.399784
0.399785
0.399787
0.399788
0.399765
0.399777
0.399882
0.399880
0.399881
0.399784
0.399783
0.399788
0.399809
0.399811
0.399790
0.399790
0.399801
0.399796
0.399798
0.393275
0.393185
0.393165
0.393152
0.393155
0.393128
0.393127
0.393155
0.393149
0.393151
0.393043
0.393047
0.393048
0.393044
0.393153
0.393130
0.393133
0.393133
0.393134
0.393135
0.392720
0.392720
0.392720
0.392715
0.392715
0.392713
0.392699
0.392699
0.392694
0.392694
0.392693
0.392588
0.392594
0.392590
0.392591
0.392619
0.392593
0.392593
0.392592
0.392598
0.392579
0.390812
0.390903
0.390902
0.390898
0.390898
0.390878
0.390879
0.390880
0.390902
0.390903
0.390842
0.390798
0.390803
0.390800
0.390822
0.391265
0.391251
0.391256
0.391254
0.391261
0.391254
0.390813
0.390835
0.390836
0.390834
0.390835
0.390814
0.390812
0.390820
0.390920
0.390920
0.390886
0.390810
0.390813
0.390807
0.390808
0.390831
0.390804
0.390802
0.390803
0.390802
0.390244
0.368246
0.367917
0.367843
0.367814
0.367805
0.367792
0.367765
0.367760
0.367773
0.367769
0.367761
0.367666
0.367659
0.367655
0.367654
0.367731
0.367737
0.367712
0.367708
0.367709
0.367701
0.367689
0.367444
0.367303
0.367298
0.367289
0.367290
0.367285
0.367279
0.367353
0.367654
0.367649
0.367647
0.367643
0.367548
0.367544
0.367545
0.367556
0.367554
0.367546
0.367527
0.367527
0.367523
0.367521
0.367540
0.366525
0.365939
0.365930
0.365925
0.365920
0.365917
0.365902
0.365909
0.365907
0.365900
0.365900
0.365895
0.365803
0.365792
0.365788
0.365780
0.365778
0.365777
0.365754
0.365751
0.365752
0.365762
0.365755
0.365700
0.365349
0.365340
0.365340
0.365342
0.365395
0.365424
0.365408
0.365405
0.365404
0.365400
0.365397
0.365355
0.365315
0.365314
0.365309
0.365308
0.365312
0.365321
0.365366
0.365649
0.365668
0.365580
0.365403
0.361100
0.358830
0.358783
0.358786
0.358784
0.358779
0.358760
0.358754
0.358757
0.358757
0.358806
0.358838
0.358770
0.358735
0.358735
0.358732
0.358730
0.358733
0.358731
0.358723
0.358721
0.358718
0.358750
0.358822
0.358784
0.359541
0.359703
0.359703
0.359703
0.359704
0.359697
0.359684
0.359697
0.359701
0.359696
0.359692
0.359666
0.359602
0.359602
0.359643
0.359683
0.359685
0.359682
0.359665
0.359664
0.359661
0.359643
0.359625
0.359486
0.358102
0.357901
0.357912
0.357931
0.357992
0.358274
0.358317
0.358314
0.358315
0.358313
0.358311
0.358309
0.358251
0.358226
0.358225
0.358223
0.358227
0.358231
0.358225
0.358268
0.358306
0.358304
0.358295
0.358288
0.358141
0.357881
0.357865
0.357875
0.357871
0.357870
0.357869
0.357850
0.357847
0.357844
0.357838
0.357834
0.357826
0.357751
0.357729
0.357729
0.357727
0.357740
0.357741
0.357726
0.357720
0.357723
0.357725
0.357735
0.357796
0.357818
0.357820
0.357821
0.357823
0.357819
0.357821
0.357831
0.357818
0.357815
0.357821
0.357835
0.357852
0.357881
0.358010
0.358130
0.358147
0.358146
0.358145
0.358146
0.358141
0.358132
0.358139
0.358136
0.358128
0.358126
0.358098
0.357801
0.357728
0.357772
0.357778
0.357777
0.357778
0.357768
0.357757
0.357761
0.357771
0.357772
0.357790
0.357819
0.357797
0.357847
0.358098
0.358820
0.359033
0.359050
0.359039
0.359031
0.359021
0.359003
0.358990
0.358953
0.358605
0.357383
0.357166
0.357154
0.357166
0.357225
0.357247
0.357234
0.357228
0.357229
0.357227
0.357227
0.357236
0.357215
0.357154
0.357158
0.357175
0.357191
0.357247
0.357454
0.357546
0.357553
0.357551
0.357547
0.357539
0.357529
0.357435
0.357158
0.357108
0.357108
0.357110
0.357114
0.357126
0.357163
0.357186
0.357190
0.357190
0.357189
0.357188
0.357173
0.357111
0.357101
0.357100
0.357097
0.357097
0.357096
0.357081
0.357043
0.356982
0.356903
0.356810
0.356661
0.355867
0.351179
0.349445
0.349246
0.349232
0.349231
0.349233
0.349230
0.349225
0.349267
0.349297
0.349297
0.349295
0.349289
0.349238
0.349193
0.349195
0.349206
0.349215
0.349227
0.349242
0.349246
0.349291
0.349466
0.349624
0.349651
0.349642
0.349584
0.349301
0.349200
0.349196
0.349203
0.349205
0.349207
0.349207
0.349193
0.349198
0.349232
0.349267
0.349274
0.349271
0.349243
0.349178
0.349167
0.349180
0.349206
0.349235
0.349268
0.349294
0.349320
0.349430
0.349799
0.350231
0.350315
0.350184
0.349336
0.348557
0.348421
0.348415
0.348422
0.348426
0.348427
0.348417
0.348411
0.348421
0.348452
0.348493
0.348501
0.348492
0.348434
0.348398
0.348394
0.348405
0.348421
0.348435
0.348445
0.348443
0.348451
0.348497
0.348625
0.348800
0.348840
0.348799
0.348568
0.348410
0.348387
0.348391
0.348399
0.348403
0.348404
0.348397
0.348391
0.348402
0.348430
0.348470
0.348479
0.348472
0.348421
0.348378
0.348373
0.348378
0.348384
0.348377
0.348334
0.348232
0.348077
0.347895
0.347694
0.347462
0.347011
0.345454
0.339449
0.329859
0.327867
0.327629
0.327611
0.327607
0.327602
0.327597
0.327584
0.327586
0.327603
0.327635
0.327644
0.327640
0.327627
0.327580
0.327548
0.327549
0.327562
0.327570
0.327575
0.327579
0.327586
0.327599
0.327653
0.327775
0.327875
0.327895
0.327881
0.327838
0.327680
0.327519
0.327484
0.327488
0.327488
0.327487
0.327486
0.327485
0.327481
0.327493
0.327523
0.327537
0.327536
0.327534
0.327532
0.327521
0.327489
0.327503
0.327531
0.327555
0.327578
0.327613
0.327686
0.327842
0.328125
0.328471
0.328565
0.328562
0.328528
0.328433
0.328194
0.327420
0.326912
0.326816
0.326803
0.326802
0.326805
0.326813
0.326828
0.326850
0.326863
0.326864
0.326863
0.326863
0.326864
0.326864
0.326853
0.326812
0.326806
0.326814
0.326829
0.326859
0.326916
0.327007
0.327115
0.327137
0.327136
0.327135
0.327131
0.327124
0.327104
0.327056
0.326889
0.326749
0.326722
0.326722
0.326731
0.326750
0.326781
0.326793
0.326783
0.326777
0.326777
0.326777
0.326776
0.326778
0.326772
0.326755
0.326706
0.326681
0.326674
0.326669
0.326652
0.326623
0.326587
0.326544
0.326486
0.326433
0.326379
0.326318
0.326209
0.325931
0.325312
0.324036
0.320722
0.319349
0.319141
0.319144
0.319149
0.319149
0.319152
0.319155
0.319152
0.319156
0.319168
0.319177
0.319182
0.319192
0.319214
0.319250
0.319282
0.319373
0.319456
0.319477
0.319478
0.319478
0.319476
0.319474
0.319466
0.319462
0.319460
0.319458
0.319454
0.319447
0.319430
0.319397
0.319312
0.319145
0.319115
0.319125
0.319144
0.319162
0.319180
0.319202
0.319221
0.319236
0.319273
0.319350
0.319480
0.319657
0.319914
0.320110
0.320145
0.320108
0.320087
0.320084
0.320084
0.320082
0.320078
0.320069
0.320057
0.320043
0.320030
0.320030
0.320032
0.320029
0.319978
0.319858
0.319647
0.319255
0.318491
0.318278
0.318259
0.318267
0.318278
0.318298
0.318335
0.318389
0.318452
0.318553
0.318625
0.318641
0.318643
0.318643
0.318639
0.318631
0.318611
0.318573
0.318569
0.318573
0.318579
0.318588
0.318601
0.318618
0.318636
0.318632
0.318627
0.318626
0.318623
0.318613
0.318592
0.318557
0.318496
0.318384
0.318217
0.318184
0.318179
0.318177
0.318176
0.318175
0.318174
0.318173
0.318167
0.318167
0.318170
0.318177
0.318179
0.318178
0.318176
0.318174
0.318165
0.318143
0.318163
0.318187
0.318198
0.318205
0.318213
0.318222
0.318231
0.318236
0.318247
0.318264
0.318292
0.318334
0.318387
0.318454
0.318532
0.318626
0.318654
0.318663
0.318668
0.318672
0.318674
0.318679
0.318686
0.318689
0.318691
0.318694
0.318711
0.318734
0.318762
0.318792
0.318808
0.318815
0.318816
0.318794
0.318796
0.318814
0.318843
0.318879
0.318937
0.319028
0.319150
0.319283
0.319433
0.319632
0.319724
0.319729
0.319712
0.319684
0.319643
0.319582
0.319484
0.319332
0.319312
0.319321
0.319335
0.319352
0.319371
0.319396
0.319409
0.319409
0.319411
0.319419
0.319427
0.319436
0.319445
0.319456
0.319472
0.319490
0.319497
0.319528
0.319581
0.319655
0.319690
0.319688
0.319680
0.319670
0.319659
0.319642
0.319629
0.319607
0.319561
0.319481
0.319360
0.319192
0.318965
0.318613
0.317949
0.317781
0.317767
0.317769
0.317769
0.317771
0.317772
0.317772
0.317768
0.317758
0.317757
0.317757
0.317754
0.317748
0.317742
0.317734
0.317721
0.317702
0.317666
0.317666
0.317672
0.317680
0.317688
0.317698
0.317712
0.317724
0.317737
0.317749
0.317761
0.317762
0.317754
0.317739
0.317713
0.317683
0.317645
0.317590
0.317469
0.317468
0.317509
0.317559
0.317609
0.317674
0.317720
0.317727
0.317729
0.317725
0.317727
0.317734
0.317744
0.317752
0.317755
0.317755
0.317747
0.317729
0.317693
0.317671
0.317660
0.317639
0.317613
0.317585
0.317563
0.317547
0.317541
0.317537
0.317524
0.317465
0.317323
0.317064
0.316685
0.316206
0.315507
0.314501
0.313064
0.310602
0.310218
0.310204
0.310215
0.310225
0.310236
0.310250
0.310262
0.310273
0.310284
0.310302
0.310316
0.310321
0.310324
0.310326
0.310331
0.310341
0.310354
0.310368
0.310375
0.310411
0.310455
0.310501
0.310549
0.310604
0.310656
0.310660
0.310655
0.310648
0.310640
0.310633
0.310622
0.310604
0.310580
0.310551
0.310513
0.310461
0.310394
0.310266
0.310257
0.310258
0.310259
0.310260
0.310260
0.310261
0.310262
0.310261
0.310257
0.310247
0.310244
0.310239
0.310231
0.310220
0.310208
0.310195
0.310181
0.310164
0.310135
0.310122
0.310124
0.310129
0.310132
0.310133
0.310136
0.310139
0.310137
0.310129
0.310112
0.310074
0.310015
0.309937
0.309840
0.309728
0.309600
0.309447
0.309246
0.308984
0.308473
0.308419
0.308462
0.308508
0.308572
0.308590
0.308598
0.308610
0.308620
0.308631
0.308640
0.308658
0.308674
0.308684
0.308698
0.308710
0.308723
0.308732
0.308744
0.308745
0.308734
0.308755
0.308788
0.308826
0.308877
0.308936
0.308999
0.309064
0.309127
0.309186
0.309243
0.309304
0.309381
0.309404
0.309383
0.309357
0.309329
0.309298
0.309256
0.309206
0.309095
0.309084
0.309099
0.309112
0.309126
0.309140
0.309158
0.309167
0.309169
0.309167
0.309157
0.309146
0.309131
0.309111
0.309088
0.309058
0.309028
0.308990
0.308944
0.308895
0.308841
0.308776
0.308701
0.308619
0.308538
0.308447
0.308347
0.308217
0.308036
0.307775
0.307416
0.306944
0.306358
0.305661
0.304852
0.303928
0.302885
0.301718
0.300360
0.298804
0.296985
0.293499
0.293132
0.293127
0.293128
0.293128
0.293128
0.293130
0.293131
0.293131
0.293132
0.293133
0.293135
0.293139
0.293143
0.293145
0.293152
0.293154
0.293156
0.293159
0.293158
0.293158
0.293153
0.293155
0.293167
0.293181
0.293196
0.293215
0.293233
0.293257
0.293279
0.293299
0.293318
0.293333
0.293346
0.293360
0.293373
0.293383
0.293406
0.293393
0.293375
0.293356
0.293334
0.293307
0.293258
0.293211
0.293226
0.293240
0.293255
0.293272
0.293289
0.293310
0.293334
0.293359
0.293384
0.293414
0.293448
0.293487
0.293528
0.293569
0.293611
0.293651
0.293689
0.293727
0.293766
0.293800
0.293830
0.293884
0.293884
0.293883
0.293884
0.293882
0.293877
0.293866
0.293854
0.293832
0.293800
0.293757
0.293707
0.293651
0.293592
0.293527
0.293454
0.293372
0.293280
0.293179
0.293068
0.292941
0.292800
0.292585
0.292368
0.292389
0.292411
0.292431
0.292451
0.292468
0.292504
0.292507
0.292510
0.292511
0.292513
0.292511
0.292514
0.292516
0.292520
0.292519
0.292520
0.292519
0.292519
0.292519
0.292516
0.292514
0.292504
0.292493
0.292496
0.292498
0.292498
0.292499
0.292499
0.292498
0.292493
0.292483
0.292476
0.292467
0.292456
0.292447
0.292437
0.292427
0.292413
0.292398
0.292382
0.292364
0.292344
0.292322
0.292294
0.292250
0.292209
0.292217
0.292225
0.292233
0.292240
0.292240
0.292243
0.292247
0.292244
0.292240
0.292240
0.292236
0.292230
0.292228
0.292219
0.292213
0.292205
0.292191
0.292197
0.292169
0.292138
0.292109
0.292078
0.292035
0.292009
0.291976
0.291931
0.291872
0.291790
0.291692
0.291568
0.291421
0.291252
0.291066
0.290850
0.290617
0.290362
0.290090
0.289789
0.289472
0.289129
0.288761
0.288368
0.287953
0.287480
0.286999
0.286571
0.285389
0.285379
0.285383
0.285389
0.285394
0.285401
0.285407
0.285414
0.285421
0.285430
0.285439
0.285448
0.285457
0.285471
0.285484
0.285499
0.285510
0.285522
0.285531
0.285542
0.285550
0.285559
0.285569
0.285579
0.285582
0.285586
0.285600
0.285610
0.285619
0.285633
0.285640
0.285635
0.285628
0.285619
0.285610
0.285598
0.285587
0.285575
0.285564
0.285550
0.285536
0.285521
0.285505
0.285485
0.285467
0.285445
0.285419
0.285391
0.285368
0.285320
0.285293
0.285291
0.285289
0.285287
0.285286
0.285284
0.285282
0.285279
0.285277
0.285276
0.285276
0.285277
0.285277
0.285281
0.285286
0.285289
0.285295
0.285301
0.285306
0.285312
0.285320
0.285327
0.285333
0.285340
0.285337
0.285334
0.285333
0.285327
0.285317
0.285299
0.285280
0.285257
0.285229
0.285200
0.285167
0.285135
0.285096
0.285050
0.285009
0.284960
0.284905
0.284844
0.284784
0.284722
0.284660
0.284598
0.284534
0.284467
0.284409
0.284364
0.284219
0.284152
0.284176
0.284202
0.284226
0.284251
0.284274
0.284294
0.284316
0.284337
0.284357
0.284379
0.284401
0.284419
0.284436
0.284454
0.284469
0.284495
0.284514
0.284523
0.284530
0.284536
0.284544
0.284551
0.284558
0.284563
0.284565
0.284571
0.284581
0.284590
0.284597
0.284605
0.284612
0.284620
0.284626
0.284631
0.284633
0.284638
0.284642
0.284644
0.284646
0.284649
0.284651
0.284655
0.284654
0.284655
0.284659
0.284656
0.284653
0.284645
0.284640
0.284637
0.284612
0.284606
0.284607
0.284617
0.284628
0.284637
0.284648
0.284658
0.284666
0.284678
0.284686
0.284695
0.284702
0.284711
0.284717
0.284722
0.284729
0.284739
0.284745
0.284753
0.284758
0.284769
0.284780
0.284790
0.284804
0.284820
0.284834
0.284844
0.284861
0.284879
0.284899
0.284916
0.284931
0.284945
0.284953
0.284965
0.284976
0.284985
0.284987
0.284989
0.284985
0.284983
0.284980
0.284976
0.284969
0.284960
0.284954
0.284946
0.284943
0.284935
0.284923
0.284917
0.284914
0.284897
0.284887
0.284876
0.284859
0.284843
0.284823
0.284803
0.284781
0.284756
0.284730
0.284696
0.284665
0.284630
0.284595
0.284564
0.284525
0.284476
0.284428
0.284381
0.284328
0.284268
0.284200
0.284130
0.284047
0.283957
0.283855
0.283738
0.283625
0.283507
0.283377
0.283241
0.283101
0.282967
0.282833
0.282696
0.282554
0.282415
0.282281
0.282139
0.281997
0.281845
0.281697
0.281542
0.281380
0.281197
0.281022
0.280832
0.280639
0.280423
0.280215
0.279979
0.279761
0.279532
0.279305
0.279074
0.278837
0.278618
0.278392
0.278165
0.277937
0.277612
0.277397
0.277159
0.276932
0.276693
0.276456
0.276232
0.276027
0.275815
0.275619
0.275410
0.275202
0.274996
0.274773
0.274585
0.274414
0.274236
0.274071
0.273918
0.273769
0.273631
0.273476
0.273352
0.273211
0.273089
0.272973
0.272441
0.272324
0.272211
0.272095
0.271990
0.271884
0.271788
0.271684
0.271588
0.271490
0.271391
0.271291
0.271190
0.271108
0.271006
0.270875
0.270773
0.270682
0.270576
0.270463
0.270360
0.270252
0.270150
0.270038
0.269924
0.269819
0.269718
0.269617
0.269516
0.269430
0.269326
0.269222
0.269126
0.269031
0.268834
0.268741
0.268648
0.268575
0.268493
0.268408
0.268327
0.268232
0.268146
0.268064
0.267986
0.267882
0.267810
0.267722
0.267648
0.267559
0.267484
0.267394
0.267323
0.267253
0.267173
0.267082
0.267006
0.266932
0.266879
0.266826
0.266769
0.266700
0.266655
0.266602
0.266538
0.266492
0.266435
0.266376
0.266329
0.266292
0.266251
0.266209
0.266173
0.266138
0.266106
0.266056
0.266012
0.265981
0.265952
0.265395
0.265361
0.265333
0.265305
0.265277
0.265246
0.265225
0.265191
0.265161
0.265131
0.265107
0.265080
0.265050
0.265018
0.264982
0.264953
0.264929
0.264903
0.264883
0.264857
0.264831
0.264809
0.264785
0.264758
0.264731
0.264707
0.264683
0.264657
0.264613
0.264591
0.264569
0.264548
0.264523
0.264495
0.264470
0.264446
0.264417
0.264396
0.264372
0.264359
0.264332
0.264305
0.264283
0.264258
0.264222
0.264199
0.264172
0.264148
0.264128
0.264105
0.264081
0.264065
0.264033
0.264013
0.263988
0.263968
0.263945
0.263921
0.263896
0.263864
0.263838
0.263704
0.263681
0.263648
0.263627
0.263600
0.263569
0.263546
0.263514
0.263490
0.263458
0.263425
0.263404
0.263372
0.263334
0.263309
0.263259
0.263239
0.263208
0.263176
0.263148
0.263121
0.263081
0.263056
0.263028
0.262996
0.262958
0.262936
0.262914
0.262884
0.262869
0.262845
0.262817
0.262790
0.262765
0.262736
0.262710
0.262688
0.262665
0.262615
0.262588
0.262562
0.262536
0.262508
0.262485
0.262464
0.262443
0.262426
0.262407
0.262391
0.262365
0.262351
0.262320
0.262302
0.262279
0.262256
0.262240
0.262224
0.262195
0.262176
0.262146
0.262126
0.262098
0.262083
0.262070
0.262057
0.262038
0.262019
0.262001
0.261985
0.261969
0.261952
0.261935
0.261930
0.261916
0.261898
0.261879
0.261861
0.261843
0.261827
0.261809
0.261794
0.261781
0.261340
0.261318
0.261296
0.261279
0.261259
0.261241
0.261231
0.261211
0.261192
0.261171
0.261152
0.261136
0.261120
0.261097
0.261082
0.261064
0.261045
0.261025
0.261006
0.260985
0.260970
0.260949
0.260940
0.260921
0.260900
0.260869
0.260852
0.260837
0.260817
0.260796
0.260779
0.260760
0.260744
0.260725
0.260710
0.260694
0.260676
0.260661
0.260643
0.260620
0.260600
0.260581
0.260565
0.260545
0.260526
0.260511
0.260494
0.260479
0.260464
0.260444
0.260429
0.260412
0.260395
0.260352
0.260336
0.260321
0.260313
0.260295
0.260280
0.260261
0.260249
0.260237
0.260223
0.260208
0.260196
0.260183
0.260173
0.260155
0.260141
0.260127
0.260114
0.260101
0.260088
0.260073
0.260068
0.260058
0.260047
0.260036
0.260022
0.260007
0.259995
0.259983
0.259964
0.259955
0.259941
0.259929
0.259915
0.259903
0.259893
0.259884
0.259874
0.259860
0.259856
0.259841
0.259827
0.259816
0.259805
0.259793
0.259779
0.259767
0.259759
0.259748
0.259740
0.259730
0.259719
0.259712
0.259701
0.259693
0.259681
0.259673
0.259665
0.259653
0.259642
0.259631
0.259510
0.259501
0.259491
0.259479
0.259469
0.259458
0.259447
0.259435
0.259424
0.259414
0.259405
0.259393
0.259384
0.259374
0.259364
0.259352
0.259340
0.259337
0.259331
0.259322
0.259312
0.259303
0.259294
0.259283
0.259271
0.259260
0.259250
0.259244
0.259235
0.259226
0.259214
0.259203
0.259194
0.259183
0.259171
0.259153
0.259140
0.259128
0.259129
0.259118
0.259109
0.259101
0.259093
0.259084
0.259073
0.259062
0.259049
0.259038
0.259028
0.259017
0.259006
0.258993
0.258985
0.258974
0.258964
0.258956
0.258944
0.258935
0.258924
0.258923
0.258913
0.258904
0.258894
0.258883
0.258875
0.258865
0.258852
0.258843
0.258832
0.258821
0.258813
0.258804
0.258798
0.258788
0.258755
0.258743
0.258735
0.258726
0.258714
0.258700
0.258694
0.258683
0.258674
0.258664
0.258654
0.258646
0.258639
0.258632
0.258624
0.258617
0.258607
0.258598
0.258588
0.258580
0.258563
0.258557
0.258546
0.258537
0.258529
0.258520
0.258502
0.258492
0.258484
0.258478
0.258477
0.258470
0.258460
0.258446
0.258437
0.258429
0.258422
0.258412
0.258403
0.258396
0.258387
0.258380
0.258367
0.258361
0.258347
0.258338
0.258330
0.258322
0.258317
0.258311
0.258304
0.258296
0.258281
0.258273
0.258270
0.258262
0.258253
0.258246
0.258238
0.258227
0.258217
0.258206
0.258198
0.258183
0.258177
0.258168
0.258156
0.258149
0.258140
0.258129
0.258120
0.258113
0.258107
0.258098
0.258090
0.258083
0.258072
0.258057
0.258050
0.258036
0.258028
0.258019
0.258012
0.258005
0.257990
0.257981
0.257977
0.257972
0.257961
0.257955
0.257949
0.257940
0.257934
0.257926
0.257921
0.257916
0.257911
0.257907
0.257897
0.257884
0.257879
0.257872
0.257864
0.257859
0.257852
0.257839
0.257829
0.257825
0.257821
0.257817
0.257805
0.257796
0.257787
0.257780
0.257770
0.257765
0.257760
0.257753
0.257746
0.257743
0.257733
0.257725
0.257718
0.257713
0.257708
0.257702
0.257688
0.257682
0.257670
0.257671
0.257662
0.257655
0.257651
0.257639
0.257631
0.257626
0.257623
0.257617
0.257611
0.257604
0.257593
0.257589
0.257582
0.257580
0.257574
0.257569
0.257562
0.257556
0.257534
0.257527
0.257522
0.257518
0.257502
0.257496
0.257490
0.257483
0.257484
0.257481
0.257476
0.257469
0.257463
0.257461
0.257453
0.257444
0.257443
0.257440
0.257434
0.257430
0.257420
0.257418
0.257414
0.257409
0.257405
0.257397
0.257392
0.257380
0.257373
0.257368
0.257356
0.257351
0.257347
0.257339
0.257336
0.257322
0.257327
0.257323
0.257309
0.257304
0.257294
0.257288
0.257283
0.257278
0.257272
0.257267
0.257262
0.257257
0.257252
0.257218
0.257208
0.257205
0.257202
0.257196
0.257190
0.257185
0.257166
0.257162
0.257155
0.257153
0.257149
0.257142
0.257137
0.257129
0.257123
0.257119
0.257115
0.257105
0.257097
0.257093
0.257085
0.257080
0.257070
0.257068
0.257065
0.257058
0.257053
0.257049
0.257045
0.257036
0.257031
0.257028
0.257023
0.257018
0.257015
0.257011
0.257003
0.256998
0.256995
0.256989
0.256983
0.256969
0.256963
0.256959
0.256955
0.256959
0.256954
0.256949
0.256942
0.256933
0.256929
0.256924
0.256918
0.256912
0.256906
0.256903
0.256898
0.256888
0.256879
0.256874
0.256868
0.256865
0.256848
0.256841
0.256835
0.256826
0.256822
0.256817
0.256809
0.256802
0.256793
0.256784
0.256780
0.256776
0.256771
0.256762
0.256764
0.256759
0.256753
0.256746
0.256739
0.256731
0.256727
0.256723
0.256716
0.256714
0.256707
0.256699
0.256692
0.256688
0.256681
0.256676
0.256667
0.256659
0.256653
0.256647
0.256640
0.256636
0.256631
0.256626
0.256621
0.256611
0.256603
0.256598
0.256589
0.256583
0.256579
0.256583
0.256576
0.256569
0.256562
0.256555
0.256549
0.256542
0.256530
0.256524
0.256517
0.256512
0.256507
0.256500
0.256493
0.256489
0.256483
0.256476
0.256469
0.256462
0.256452
0.256442
0.256431
0.256424
0.256419
0.256304
0.256298
0.256294
0.256289
0.256280
0.256271
0.256264
0.256258
0.256253
0.256246
0.256243
0.256238
0.256234
0.256229
0.256224
0.256215
0.256205
0.256197
0.256192
0.256186
0.256179
0.256175
0.256170
0.256164
0.256160
0.256152
0.256147
0.256141
0.256139
0.256132
0.256129
0.256124
0.256119
0.256114
0.256113
0.256110
0.256105
0.256102
0.256097
0.256091
0.256083
0.256080
0.256075
0.256078
0.256074
0.256071
0.256070
0.256069
0.256064
0.256061
0.256057
0.256054
0.256050
0.256049
0.256049
0.256046
0.256043
0.256042
0.256041
0.256039
0.256039
0.256037
0.256035
0.256033
0.256032
0.256032
0.256030
0.256028
0.256023
0.256022
0.256018
0.256016
0.256011
0.256013
0.256013
0.256009
0.256007
0.256006
0.256006
0.256007
0.256004
0.256000
0.255998
0.256005
0.256003
0.256004
0.255999
0.255995
0.255990
0.255988
0.255985
0.255981
0.255974
0.255969
0.255966
0.255960
0.255958
0.255956
0.255952
0.255950
0.255947
0.255944
0.255941
0.255935
0.255933
0.255924
0.255920
0.255919
0.255907
0.255877
0.255874
0.255872
0.255868
0.255864
0.255859
0.255855
0.255851
0.255846
0.255842
0.255829
0.255825
0.255829
0.255826
0.255819
0.255816
0.255812
0.255803
0.255801
0.255795
0.255792
0.255787
0.255784
0.255778
0.255774
0.255771
0.255766
0.255760
0.255753
0.255750
0.255744
0.255741
0.255744
0.255740
0.255730
0.255725
0.255720
0.255712
0.255706
0.255701
0.255698
0.255692
0.255691
0.255688
0.255683
0.255678
0.255675
0.255665
0.255653
0.255652
0.255648
0.255642
0.255649
0.255640
0.255637
0.255635
0.255631
0.255629
0.255622
0.255618
0.255613
0.255610
0.255611
0.255607
0.255603
0.255598
0.255590
0.255588
0.255586
0.255585
0.255578
0.255567
0.255564
0.255563
0.255558
0.255554
0.255546
0.255540
0.255537
0.255531
0.255528
0.255523
0.255521
0.255518
0.255515
0.255510
0.255507
0.255500
0.255487
0.255484
0.255481
0.255479
0.255472
0.255477
0.255474
0.255468
0.255465
0.255460
0.255457
0.255453
0.255012
0.255000
0.254995
0.254992
0.254992
0.254990
0.254984
0.254981
0.254977
0.254973
0.254964
0.254962
0.254959
0.254957
0.254962
0.254959
0.254948
0.254945
0.254941
0.254938
0.254931
0.254930
0.254927
0.254925
0.254924
0.254924
0.254922
0.254921
0.254920
0.254917
0.254905
0.254902
0.254901
0.254898
0.254890
0.254889
0.254895
0.254891
0.254891
0.254889
0.254885
0.254884
0.254882
0.254872
0.254870
0.254869
0.254868
0.254867
0.254866
0.254863
0.254861
0.254860
0.254854
0.254855
0.254854
0.254855
0.254850
0.254850
0.254844
0.254839
0.254837
0.254833
0.254833
0.254830
0.254830
0.254830
0.254830
0.254828
0.254827
0.254829
0.254828
0.254823
0.254820
0.254818
0.254817
0.254817
0.254815
0.254809
0.254807
0.254805
0.254802
0.254809
0.254802
0.254800
0.254798
0.254795
0.254794
0.254786
0.254783
0.254782
0.254777
0.254775
0.254768
0.254766
0.254761
0.254759
0.254757
0.254746
0.254745
0.254741
0.254738
0.254728
0.254727
0.254724
0.254730
0.254730
0.254728
0.254719
0.254715
0.254713
0.254710
0.254708
0.254698
0.254693
0.254690
0.254688
0.254686
0.254685
0.254683
0.254675
0.254673
0.254671
0.254641
0.254639
0.254637
0.254638
0.254633
0.254639
0.254632
0.254629
0.254625
0.254622
0.254617
0.254616
0.254612
0.254610
0.254605
0.254605
0.254603
0.254603
0.254602
0.254587
0.254585
0.254582
0.254582
0.254583
0.254582
0.254581
0.254580
0.254577
0.254573
0.254571
0.254571
0.254571
0.254568
0.254564
0.254561
0.254558
0.254557
0.254554
0.254554
0.254550
0.254548
0.254547
0.254536
0.254527
0.254527
0.254525
0.254515
0.254515
0.254511
0.254504
0.254503
0.254502
0.254499
0.254500
0.254496
0.254492
0.254485
0.254481
0.254478
0.254475
0.254472
0.254470
0.254465
0.254457
0.254449
0.254440
0.254433
0.254425
0.254416
0.254409
0.254401
0.254387
0.254383
0.254379
0.254374
0.254372
0.254368
0.254364
0.254370
0.254363
0.254360
0.254358
0.254356
0.254354
0.254348
0.254348
0.254348
0.254345
0.254342
0.254339
0.254337
0.254338
0.254337
0.254338
0.254337
0.254334
0.254329
0.254329
0.254324
0.254318
0.254315
0.254312
0.254310
0.254306
0.254310
0.254307
0.254301
0.254301
0.254310
0.254360
0.254416
0.254432
0.254431
0.254429
0.254426
0.254421
0.254419
0.254418
0.254418
0.254418
0.254417
0.254416
0.254414
0.254412
0.254405
0.254401
0.254401
0.254400
0.254396
0.254386
0.254374
0.254373
0.254372
0.254369
0.254368
0.254364
0.254363
0.254361
0.254360
0.254358
0.254358
0.254359
0.254358
0.254358
0.254356
0.254354
0.254352
0.254351
0.254350
0.254346
0.254234
0.254233
0.254233
0.254232
0.254232
0.254230
0.254237
0.254232
0.254231
0.254228
0.254227
0.254228
0.254226
0.254218
0.254218
0.254216
0.254214
0.254213
0.254210
0.254209
0.254210
0.254207
0.254207
0.254201
0.254197
0.254194
0.254192
0.254191
0.254187
0.254184
0.254177
0.254168
0.254158
0.254151
0.254138
0.254120
0.254101
0.254076
0.254052
0.254026
0.254001
0.253977
0.253957
0.253938
0.253920
0.253907
0.253892
0.253883
0.253878
0.253871
0.253866
0.253863
0.253861
0.253858
0.253854
0.253851
0.253847
0.253845
0.253841
0.253840
0.253841
0.253847
0.253846
0.253844
0.253843
0.253842
0.253841
0.253840
0.253840
0.253839
0.253839
0.253837
0.253831
0.253829
0.253830
0.253825
0.253825
0.253824
0.253824
0.253823
0.253821
0.253822
0.253821
0.253818
0.253817
0.253815
0.253813
0.253811
0.253802
0.253801
0.253799
0.253796
0.253796
0.253795
0.253792
0.253790
0.253788
0.253786
0.253785
0.253782
0.253782
0.253781
0.253781
0.253780
0.253779
0.253777
0.253775
0.253775
0.253775
0.253774
0.253773
0.253773
0.253771
0.253771
0.253772
0.253772
0.253772
0.253780
0.253781
0.253781
0.253780
0.253780
0.253778
0.253779
0.253776
0.253775
0.253771
0.253768
0.253766
0.253766
0.253764
0.253763
0.253762
0.253760
0.253758
0.253755
0.253751
0.253749
0.253748
0.253744
0.253742
0.253739
0.253735
0.253733
0.253730
0.253732
0.253728
0.253723
0.253719
0.253715
0.253712
0.253708
0.253705
0.253701
0.253699
0.253696
0.253692
0.253690
0.253686
0.253685
0.253681
0.253678
0.253676
0.253674
0.253669
0.253667
0.253664
0.253661
0.253657
0.253656
0.253655
0.253653
0.253653
0.253650
0.253657
0.253656
0.253651
0.253652
0.253650
0.253649
0.253648
0.253647
0.253648
0.253647
0.253646
0.253617
0.253614
0.253612
0.253610
0.253608
0.253606
0.253606
0.253605
0.253602
0.253601
0.253600
0.253597
0.253596
0.253593
0.253591
0.253590
0.253588
0.253587
0.253584
0.253581
0.253581
0.253578
0.253576
0.253572
0.253570
0.253567
0.253565
0.253561
0.253560
0.253555
0.253552
0.253551
0.253548
0.253545
0.253539
0.253537
0.253531
0.253527
0.253523
0.253518
0.253513
0.253509
0.253505
0.253498
0.253490
0.253481
0.253473
0.253466
0.253467
