0.545278
0.544944
0.544598
0.544252
0.543910
0.543568
0.543227
0.542879
0.542538
0.542154
0.541793
0.541436
0.541054
0.540663
0.540277
0.539935
0.539584
0.539213
0.538848
0.538470
0.538103
0.537742
0.537366
0.536987
0.536609
0.536230
0.535027
0.534656
0.534254
0.533872
0.533484
0.533107
0.532719
0.532321
0.531912
0.531517
0.531119
0.530725
0.530324
0.529926
0.529519
0.529118
0.528699
0.528274
0.527858
0.527434
0.527019
0.526598
0.526179
0.525751
0.525341
0.524912
0.524478
0.524054
0.523627
0.523199
0.522771
0.522340
0.521910
0.521479
0.520855
0.520440
0.520015
0.519604
0.519178
0.518771
0.518340
0.517922
0.517496
0.517069
0.516638
0.516204
0.515761
0.515330
0.514910
0.514464
0.514025
0.513593
0.513142
0.512718
0.512275
0.511814
0.511376
0.510938
0.510492
0.510046
0.509614
0.509166
0.508713
0.508273
0.507830
0.507398
0.506949
0.506504
0.506048
0.505375
0.504937
0.504502
0.504055
0.503616
0.503161
0.502723
0.502286
0.501843
0.501400
0.500958
0.500517
0.500069
0.499634
0.499193
0.498753
0.498315
0.497866
0.497416
0.496992
0.496568
0.496153
0.495718
0.495290
0.494859
0.494430
0.493998
0.493565
0.493134
0.492695
0.492271
0.491841
0.491420
0.490993
0.490558
0.490138
0.489723
0.489248
0.488834
0.488424
0.488007
0.487587
0.487169
0.486740
0.486309
0.485899
0.485496
0.485083
0.484655
0.484253
0.483837
0.483420
0.483018
0.482626
0.482206
0.481814
0.481399
0.481015
0.480586
0.480205
0.479812
0.479414
0.479026
0.478625
0.478233
0.477853
0.477443
0.477053
0.476668
0.476281
0.475894
0.475518
0.475139
0.474762
0.474384
0.474000
0.473624
0.473269
0.472896
0.472510
0.472139
0.471761
0.471394
0.471034
0.470660
0.470273
0.469897
0.469546
0.469186
0.468819
0.468466
0.468095
0.467737
0.467386
0.467045
0.466688
0.466335
0.465976
0.465620
0.465270
0.464898
0.464540
0.464179
0.463849
0.463483
0.463141
0.462797
0.462457
0.462101
0.461764
0.461432
0.461087
0.460752
0.460419
0.460031
0.459693
0.459360
0.459018
0.458684
0.458355
0.458020
0.457699
0.457377
0.457053
0.456733
0.456400
0.456088
0.455774
0.455456
0.455124
0.454810
0.454460
0.454152
0.453839
0.453532
0.453195
0.452891
0.452581
0.452278
0.451975
0.451650
0.451345
0.451055
0.450752
0.450448
0.450133
0.449833
0.449553
0.449223
0.448664
0.448373
0.448071
0.447767
0.447475
0.447185
0.446888
0.446599
0.446299
0.445993
0.445692
0.445395
0.445098
0.444801
0.444520
0.444236
0.443932
0.443641
0.443355
0.443082
0.442811
0.442524
0.442229
0.441954
0.441681
0.441407
0.441133
0.440856
0.440586
0.440324
0.440042
0.439787
0.439526
0.439258
0.438992
0.438667
0.438378
0.438127
0.437882
0.437632
0.437364
0.437104
0.436843
0.436587
0.436321
0.436057
0.435788
0.435523
0.435271
0.435016
0.434770
0.434506
0.434232
0.433975
0.433723
0.433483
0.433230
0.432983
0.432736
0.432468
0.432221
0.431964
0.431715
0.431465
0.431210
0.430934
0.430684
0.430438
0.430194
0.429946
0.428667
0.428424
0.428187
0.427952
0.427718
0.427480
0.427247
0.427016
0.426784
0.426550
0.426320
0.426082
0.425857
0.425625
0.425389
0.425152
0.424921
0.424693
0.424455
0.424230
0.424009
0.423782
0.423553
0.423322
0.423102
0.422886
0.422656
0.422422
0.422196
0.421966
0.421752
0.421535
0.421317
0.421101
0.420885
0.420661
0.420367
0.420153
0.419936
0.419711
0.419504
0.419289
0.419057
0.418840
0.418624
0.418397
0.418188
0.417971
0.417773
0.417539
0.417312
0.417086
0.416874
0.416674
0.416447
0.416225
0.416023
0.415826
0.415618
0.415412
0.415205
0.415004
0.414810
0.414616
0.414404
0.414201
0.414000
0.413807
0.413611
0.413409
0.413210
0.412997
0.412797
0.412343
0.412136
0.411919
0.411730
0.411534
0.411332
0.411126
0.410933
0.410735
0.410539
0.410311
0.410126
0.409937
0.409747
0.409549
0.409367
0.409179
0.409001
0.408826
0.408621
0.408433
0.408255
0.408060
0.407876
0.407669
0.407485
0.407309
0.407130
0.406933
0.406737
0.406553
0.406347
0.406149
0.405966
0.405787
0.405590
0.405418
0.405208
0.404962
0.404780
0.404596
0.404418
0.404249
0.404069
0.403881
0.403714
0.403543
0.403374
0.403191
0.403021
0.402840
0.402647
0.402473
0.402301
0.402126
0.401954
0.401784
0.401622
0.401444
0.401272
0.401108
0.400941
0.400757
0.400588
0.400403
0.400220
0.400055
0.399891
0.399709
0.399536
0.399352
0.399188
0.399011
0.398844
0.398665
0.398500
0.398335
0.398168
0.398013
0.397845
0.397684
0.397531
0.397363
0.397201
0.397043
0.396859
0.396689
0.396537
0.396378
0.396220
0.396073
0.395907
0.395754
0.395589
0.395435
0.395270
0.395083
0.394923
0.394754
0.394609
0.394461
0.394316
0.394168
0.394008
0.393859
0.393712
0.393568
0.393426
0.393268
0.393120
0.392951
0.392802
0.392642
0.392594
0.392448
0.392301
0.392152
0.392012
0.391802
0.391658
0.391509
0.391358
0.391203
0.391046
0.390901
0.390740
0.390590
0.390440
0.390284
0.390139
0.389988
0.389852
0.389712
0.389546
0.389414
0.389265
0.389121
0.388985
0.388853
0.388705
0.388561
0.388418
0.388282
0.388137
0.387988
0.387850
0.387710
0.387561
0.387417
0.387282
0.387145
0.387012
0.386878
0.386747
0.386612
0.386463
0.386337
0.386207
0.386076
0.385661
0.385508
0.385373
0.385252
0.385120
0.384977
0.384849
0.384714
0.384584
0.384460
0.384329
0.384196
0.384066
0.383926
0.383803
0.383674
0.383541
0.383416
0.383291
0.383165
0.383038
0.382897
0.382774
0.382650
0.382528
0.382396
0.382275
0.382150
0.382023
0.381896
0.381765
0.381640
0.381508
0.381392
0.381264
0.381147
0.381014
0.380888
0.380750
0.380631
0.380505
0.380384
0.380250
0.380002
0.379877
0.379756
0.379645
0.379515
0.379389
0.379271
0.379164
0.379046
0.378926
0.378841
0.378713
0.378585
0.378461
0.378338
0.378213
0.378094
0.377985
0.377855
0.377745
0.377629
0.377502
0.377392
0.377284
0.377171
0.377060
0.376944
0.376822
0.376711
0.376599
0.376466
0.376343
0.376205
0.376085
0.375988
0.375882
0.375756
0.375645
0.375530
0.375418
0.375301
0.375196
0.375090
0.373978
0.373870
0.373754
0.373627
0.373522
0.373408
0.373293
0.373190
0.373080
0.372979
0.372852
0.372743
0.372637
0.372534
0.372424
0.372316
0.372192
0.372089
0.371981
0.371859
0.371756
0.371648
0.371508
0.371400
0.371291
0.371178
0.371074
0.370963
0.370854
0.370739
0.370630
0.370528
0.370418
0.370309
0.370216
0.370090
0.369972
0.369859
0.369738
0.369624
0.369525
0.369425
0.369322
0.369217
0.369040
0.368942
0.368835
0.368722
0.368621
0.368526
0.368420
0.368319
0.368226
0.368124
0.368012
0.367890
0.367781
0.367678
0.367583
0.367487
0.367387
0.367282
0.367164
0.367061
0.366942
0.366842
0.366738
0.366630
0.366534
0.366431
0.366304
0.366201
0.366102
0.365999
0.365891
0.365793
0.365693
0.365594
0.365487
0.365384
0.365278
0.365179
0.365065
0.364962
0.364855
0.364763
0.364670
0.364576
0.364464
0.364071
0.363969
0.363879
0.363785
0.363679
0.363559
0.363465
0.363371
0.363262
0.363154
0.363048
0.362953
0.362846
0.362752
0.362655
0.362557
0.362439
0.362347
0.362251
0.362143
0.362057
0.361959
0.361871
0.361761
0.361664
0.361580
0.361493
0.361399
0.361314
0.361222
0.361133
0.361037
0.360946
0.360858
0.360771
0.360671
0.360583
0.360493
0.360405
0.360312
0.360228
0.360138
0.360044
0.359949
0.359809
0.359705
0.359611
0.359444
0.359359
0.359272
0.359188
0.359105
0.359019
0.358928
0.358841
0.358753
0.358659
0.358571
0.358478
0.358386
0.358305
0.358216
0.358129
0.358021
0.357934
0.357843
0.357755
0.357681
0.357587
0.357503
0.357400
0.357317
0.357236
0.357153
0.357068
0.356977
0.356898
0.356835
0.356735
0.356653
0.356564
0.356480
0.356386
0.356301
0.356213
0.356192
0.356104
0.356012
0.355925
0.355836
0.355751
0.355670
0.355584
0.355496
0.355411
0.355332
0.355253
0.355175
0.355097
0.355013
0.354928
0.354842
0.354755
0.354677
0.354593
0.354518
0.354430
0.354350
0.354263
0.354180
0.354108
0.354029
0.353951
0.353873
0.353796
0.353716
0.353641
0.353562
0.353469
0.353390
0.353322
0.353235
0.353159
0.353083
0.353006
0.352917
0.352830
0.352751
0.352670
0.352595
0.352507
0.352431
0.352353
0.352269
0.352197
0.352122
0.352042
0.351968
0.351894
0.351811
0.351726
0.351651
0.351496
0.351420
0.351343
0.351270
0.351195
0.351117
0.351035
0.350964
0.350887
0.350811
0.350743
0.350671
0.350586
0.350512
0.350436
0.350358
0.350290
0.350215
0.350139
0.350054
0.349986
0.349912
0.349836
0.349764
0.349688
0.349593
0.349511
0.349430
0.349358
0.349292
0.349214
0.349143
0.349062
0.348985
0.348907
0.348838
0.348767
0.348694
0.348625
0.348558
0.348483
0.348411
0.348339
0.348268
0.348190
0.348117
0.348038
0.347969
0.347900
0.347826
0.347436
0.347356
0.347496
0.347425
0.347360
0.347281
0.347205
0.347136
0.347071
0.347006
0.346941
0.346871
0.346790
0.346719
0.346652
0.346577
0.346506
0.346439
0.346370
0.346287
0.346215
0.346147
0.346069
0.345998
0.345927
0.345840
0.345774
0.345701
0.345638
0.345556
0.345492
0.345422
0.345357
0.345290
0.345218
0.345147
0.345083
0.345005
0.344923
0.344855
0.344786
0.344716
0.344644
0.344579
0.344510
0.344443
0.344383
0.344309
0.344245
0.344174
0.344032
0.343969
0.343895
0.343812
0.343747
0.343681
0.343613
0.343571
0.343503
0.343432
0.343348
0.343268
0.343185
0.343110
0.343047
0.342986
0.342921
0.342857
0.342794
0.342722
0.342651
0.342585
0.342521
0.342456
0.342395
0.342299
0.342226
0.342161
0.342088
0.342022
0.341952
0.341888
0.341831
0.341760
0.341686
0.341598
0.341539
0.341473
0.341392
0.341326
0.341263
0.341192
0.341130
0.341072
0.341003
0.340931
0.340864
0.340792
0.340732
0.340660
0.340596
0.339644
0.339583
0.339525
0.339460
0.339387
0.339320
0.339255
0.339177
0.339108
0.339044
0.338981
0.338916
0.338937
0.338847
0.338773
0.338714
0.338649
0.338587
0.338527
0.338465
0.338406
0.338343
0.338278
0.338210
0.338149
0.338085
0.338026
0.337935
0.337868
0.337804
0.337746
0.337692
0.337633
0.337572
0.337512
0.337443
0.337373
0.337318
0.337238
0.337168
0.337110
0.337051
0.336990
0.336920
0.336859
0.336788
0.336728
0.336670
0.336588
0.336529
0.336472
0.336405
0.336348
0.336208
0.336145
0.336086
0.336015
0.335959
0.335903
0.335848
0.335773
0.335709
0.335647
0.335586
0.335525
0.335468
0.335406
0.335336
0.335277
0.335237
0.335173
0.335114
0.335052
0.334992
0.334933
0.334870
0.334805
0.334750
0.334697
0.334637
0.334565
0.334500
0.334436
0.334381
0.334305
0.334239
0.334189
0.334120
0.334062
0.334006
0.333945
0.333891
0.333839
0.333769
0.333713
0.333650
0.333590
0.333529
0.333475
0.333421
0.333358
0.333304
0.333246
0.333180
0.333129
0.333072
0.333019
0.332626
0.332573
0.332521
0.332465
0.332411
0.332355
0.332298
0.332243
0.332190
0.332130
0.332075
0.332009
0.331951
0.331896
0.331837
0.331779
0.331726
0.331673
0.331616
0.331563
0.331524
0.331469
0.331409
0.331357
0.331303
0.331243
0.331191
0.331137
0.331065
0.331007
0.330955
0.330904
0.330850
0.330794
0.330740
0.330686
0.330631
0.330577
0.330519
0.330461
0.330407
0.330350
0.330298
0.330246
0.330199
0.330150
0.330099
0.330041
0.329977
0.329932
0.329832
0.329784
0.329727
0.329676
0.329626
0.329488
0.329434
0.329376
0.329317
0.329262
0.329206
0.329150
0.329104
0.329053
0.329004
0.328945
0.328896
0.328836
0.328787
0.328724
0.328678
0.328626
0.328572
0.328523
0.328464
0.328409
0.328360
0.328310
0.328264
0.328242
0.328195
0.328149
0.328101
0.328054
0.327985
0.327934
0.327887
0.327834
0.327784
0.327729
0.327680
0.327626
0.327580
0.327534
0.327487
0.327442
0.327393
0.327342
0.327280
0.327228
0.327180
0.327132
0.327082
0.327035
0.326990
0.326938
0.326893
0.326845
0.326799
0.326745
0.326679
0.326628
0.326580
0.326527
0.326476
0.326429
0.326382
0.326331
0.326281
0.326232
0.326185
0.326137
0.326084
0.326032
0.325985
0.325934
0.325880
0.325829
0.325779
0.325730
0.325682
0.325637
0.325590
0.325544
0.325499
0.325447
0.325395
0.325341
0.325398
0.325355
0.325309
0.325225
0.325179
0.325131
0.325078
0.325032
0.324995
0.324950
0.324896
0.324829
0.324785
0.324736
0.324693
0.324647
0.324589
0.324539
0.324492
0.324447
0.324397
0.324348
0.324304
0.324238
0.324189
0.324142
0.324096
0.324039
0.323993
0.323951
0.323898
0.323848
0.323719
0.323669
0.323625
0.323573
0.323523
0.323476
0.323435
0.323384
0.323332
0.323283
0.323239
0.323196
0.323150
0.323105
0.323056
0.323009
0.322963
0.322921
0.322884
0.322840
0.322797
0.322752
0.322701
0.322661
0.322617
0.322571
0.322525
0.322480
0.322434
0.322392
0.322349
0.322304
0.322249
0.322191
0.322149
0.322106
0.322066
0.322018
0.321977
0.321934
0.321885
0.321839
0.321801
0.321747
0.321701
0.321653
0.321604
0.321564
0.321519
0.321467
0.321417
0.321368
0.321325
0.321276
0.321229
0.321167
0.321113
0.321070
0.321025
0.320645
0.320611
0.320564
0.320519
0.320469
0.320430
0.320389
0.320347
0.320296
0.320253
0.320199
0.320162
0.320119
0.320078
0.320036
0.319976
0.319936
0.319893
0.319850
0.319798
0.319752
0.319704
0.319654
0.319609
0.319562
0.319521
0.319485
0.319445
0.319402
0.319363
0.319321
0.319485
0.319443
0.319396
0.319358
0.319317
0.319275
0.319239
0.319193
0.319146
0.319099
0.319055
0.319000
0.318952
0.318913
0.318853
0.318802
0.318763
0.318720
0.318673
0.318620
0.318573
0.318532
0.318474
0.318427
0.318387
0.318347
0.318196
0.318136
0.318090
0.318046
0.317908
0.317858
0.317817
0.317771
0.317732
0.317691
0.317651
0.317611
0.317563
0.317525
0.317478
0.317429
0.317384
0.317325
0.317277
0.317224
0.317171
0.317130
0.317090
0.317049
0.317009
0.316962
0.316921
0.316884
0.316840
0.316801
0.316759
0.316720
0.316675
0.316630
0.316594
0.316533
0.316492
0.316481
0.316445
0.316391
0.316344
0.316307
0.316263
0.316224
0.316184
0.316144
0.316104
0.316065
0.316017
0.315962
0.315924
0.315872
0.315830
0.315788
0.315751
0.315711
0.315662
0.315623
0.315585
0.315544
0.315505
0.315465
0.315429
0.315383
0.315331
0.315290
0.315247
0.314426
0.314399
0.314356
0.314317
0.314273
0.314229
0.314189
0.314155
0.314115
0.314075
0.314035
0.313992
0.313947
0.313893
0.313845
0.313801
0.313755
0.313717
0.313683
0.313646
0.313608
0.313563
0.313520
0.313487
0.313444
0.313405
0.313368
0.313327
0.313283
0.313237
0.313200
0.313162
0.313102
0.313067
0.313136
0.313101
0.313064
0.313028
0.312992
0.312951
0.312912
0.312877
0.312845
0.312809
0.312775
0.312736
0.312700
0.312655
0.312613
0.312576
0.312541
0.312502
0.312459
0.312421
0.312388
0.312347
0.312305
0.312268
0.312203
0.312160
0.312125
0.312090
0.312039
0.312007
0.311955
0.311832
0.311801
0.311760
0.311729
0.311694
0.311655
0.311617
0.311576
0.311528
0.311491
0.311443
0.311394
0.311364
0.311329
0.311290
0.311251
0.311209
0.311174
0.311131
0.311087
0.311048
0.311012
0.310976
0.310934
0.310898
0.310865
0.310823
0.310786
0.310752
0.310716
0.310659
0.310622
0.310564
0.310528
0.310516
0.310475
0.310443
0.310402
0.310370
0.310327
0.310286
0.310249
0.310212
0.310167
0.310127
0.310088
0.310054
0.310022
0.309984
0.309946
0.309911
0.309881
0.309844
0.309811
0.309778
0.309746
0.309707
0.309669
0.309636
0.309607
0.309583
0.309547
0.309511
0.309479
0.309444
0.309411
0.309013
0.308984
0.308948
0.308904
0.308872
0.308836
0.308797
0.308763
0.308729
0.308691
0.308651
0.308617
0.308574
0.308534
0.308494
0.308458
0.308424
0.308386
0.308352
0.308315
0.308277
0.308237
0.308206
0.308174
0.308136
0.308100
0.308057
0.308017
0.307985
0.307953
0.307914
0.307876
0.307842
0.307810
0.307767
0.307732
0.307698
0.307664
0.307633
0.307596
0.307561
0.307528
0.307488
0.307455
0.307425
0.307392
0.307359
0.307325
0.307293
0.307264
0.307233
0.307194
0.307162
0.307126
0.307098
0.307064
0.307028
0.306996
0.306957
0.306924
0.306890
0.306855
0.306826
0.306792
0.306759
0.306725
0.306689
0.306664
0.306495
0.306464
0.306432
0.306398
0.306365
0.306327
0.306296
0.306270
0.306240
0.306204
0.306170
0.306135
0.306106
0.306071
0.306040
0.306006
0.305978
0.305946
0.305902
0.305873
0.305841
0.305808
0.305774
0.305738
0.305706
0.305672
0.305640
0.305609
0.305569
0.305539
0.305501
0.305466
0.305431
0.305423
0.305385
0.305323
0.305293
0.305257
0.305226
0.305195
0.305156
0.305126
0.305095
0.305060
0.305025
0.304991
0.304952
0.304920
0.304887
0.304857
0.304825
0.304797
0.304765
0.304729
0.304698
0.304669
0.304628
0.304600
0.304571
0.304531
0.304504
0.304472
0.304442
0.304408
0.304376
0.304346
0.304309
0.304279
0.304257
0.304229
0.304194
0.304163
0.304132
0.304097
0.304066
0.304034
0.304003
0.303976
0.303945
0.303915
0.303880
0.303843
0.303809
0.303781
0.303745
0.303718
0.303691
0.303661
0.303629
0.303598
0.303573
0.303542
0.303506
0.303469
0.303437
0.303408
0.303378
0.303349
0.303299
0.303270
0.303240
0.303206
0.303175
0.303243
0.303215
0.303183
0.303142
0.303090
0.303059
0.303024
0.302994
0.302967
0.302937
0.302896
0.302868
0.302838
0.302806
0.302767
0.302738
0.302709
0.302679
0.302648
0.302621
0.302590
0.302554
0.302515
0.302485
0.302451
0.302420
0.302393
0.302374
0.302342
0.302311
0.302282
0.302254
0.302220
0.302190
0.302158
0.302133
0.302100
0.302072
0.302038
0.302007
0.301978
0.301858
0.301824
0.301795
0.301758
0.301723
0.301688
0.301647
0.301619
0.301589
0.301555
0.301526
0.301497
0.301466
0.301431
0.301395
0.301367
0.301336
0.301306
0.301268
0.301231
0.301201
0.301169
0.301143
0.301113
0.301076
0.301048
0.301024
0.300995
0.300967
0.300959
0.300933
0.300901
0.300871
0.300842
0.300812
0.300776
0.300740
0.300680
0.300635
0.300599
0.300562
0.300532
0.300503
0.300469
0.300439
0.300399
0.300361
0.300335
0.300305
0.300278
0.300247
0.300218
0.300187
0.300153
0.300124
0.300094
0.300058
0.300026
0.299989
0.299962
0.299934
0.299907
0.299877
0.299848
0.299820
0.299798
0.299769
0.299741
0.299710
0.299671
0.299642
0.299613
0.299575
0.299548
0.299520
0.299489
0.299088
0.299062
0.299030
0.299001
0.298968
0.298937
0.298898
0.298860
0.298833
0.298789
0.298762
0.298732
0.298705
0.298673
0.298643
0.298607
0.298572
0.298530
0.298499
0.298464
0.298433
0.298400
0.298361
0.298335
0.298309
0.298271
0.298404
0.298370
0.298338
0.298308
0.298277
0.298247
0.298219
0.298188
0.298160
0.298133
0.298103
0.298066
0.298041
0.297985
0.297956
0.297915
0.297886
0.297857
0.297828
0.297795
0.297759
0.297728
0.297701
0.297667
0.297635
0.297602
0.297576
0.297541
0.297512
0.297481
0.297437
0.297407
0.297369
0.297338
0.297312
0.297282
0.297251
0.297227
0.297189
0.297160
0.297121
0.297090
0.297062
0.297033
0.296999
0.296974
0.296943
0.296922
0.296887
0.296845
0.296815
0.296781
0.296659
0.296631
0.296598
0.296563
0.296531
0.296497
0.296465
0.296430
0.296399
0.296367
0.296331
0.296292
0.296259
0.296228
0.296198
0.296171
0.296131
0.296100
0.296071
0.296042
0.295999
0.295964
0.295946
0.295913
0.295882
0.295851
0.295813
0.295772
0.295742
0.295715
0.295684
0.295650
0.295618
0.295589
0.295556
0.295528
0.295501
0.295472
0.295433
0.295402
0.295372
0.295321
0.295291
0.295263
0.295230
0.295188
0.295148
0.295110
0.295078
0.295042
0.295006
0.294975
0.294943
0.294907
0.294879
0.294847
0.294812
0.294774
0.294743
0.294704
0.294670
0.294632
0.294594
0.294548
0.294514
0.294484
0.294452
0.294414
0.294368
0.294332
0.294296
0.294251
0.294216
0.294178
0.294140
0.294108
0.294072
0.294047
0.294010
0.293972
0.293940
0.293909
0.293195
0.293155
0.293121
0.293089
0.293060
0.293024
0.292990
0.292955
0.292919
0.292883
0.292849
0.292810
0.292770
0.292734
0.292690
0.292722
0.292687
0.292641
0.292606
0.292573
0.292539
0.292497
0.292458
0.292420
0.292386
0.292350
0.292315
0.292282
0.292236
0.292205
0.292163
0.292131
0.292091
0.292057
0.292017
0.291989
0.291953
0.291920
0.291885
0.291849
0.291812
0.291777
0.291720
0.291688
0.291655
0.291619
0.291581
0.291537
0.291502
0.291467
0.291432
0.291391
0.291348
0.291305
0.291265
0.291229
0.291187
0.291144
0.291095
0.291060
0.291018
0.290982
0.290945
0.290908
0.290867
0.290820
0.290786
0.290749
0.290711
0.290672
0.290635
0.290592
0.290556
0.290518
0.290481
0.290435
0.290400
0.290363
0.290327
0.290286
0.290245
0.290206
0.290165
0.290128
0.290084
0.289949
0.289907
0.289860
0.289821
0.289776
0.289730
0.289702
0.289660
0.289613
0.289557
0.289512
0.289467
0.289425
0.289384
0.289348
0.289306
0.289260
0.289217
0.289174
0.289134
0.289093
0.289052
0.289003
0.288958
0.288919
0.288875
0.288836
0.288796
0.288750
0.288711
0.288671
0.288625
0.288590
0.288545
0.288504
0.288456
0.288415
0.288365
0.288320
0.288281
0.288238
0.288193
0.288152
0.288111
0.288045
0.288001
0.287957
0.287914
0.287850
0.287807
0.287756
0.287707
0.287668
0.287625
0.287577
0.287535
0.287491
0.287446
0.287401
0.287359
0.287318
0.287273
0.287228
0.287184
0.287128
0.287086
0.287040
0.286986
0.286937
0.286894
0.286852
0.286799
0.286753
0.286709
0.286656
0.286610
0.286563
0.286521
0.286467
0.286420
0.286374
0.286319
0.286272
0.286223
0.286174
0.286129
0.286084
0.286034
0.285989
0.285563
0.285516
0.285473
0.285429
0.285381
0.285324
0.285278
0.285230
0.285181
0.285128
0.285078
0.285025
0.284980
0.284930
0.284881
0.284836
0.284793
0.284741
0.284694
0.284645
0.284588
0.284539
0.284489
0.284438
0.284387
0.284336
0.284276
0.284220
0.284169
0.284119
0.284071
0.284019
0.283970
0.283922
0.283877
0.283825
0.283772
0.283713
0.283659
0.283608
0.283562
0.283509
0.283451
0.283402
0.283352
0.283275
0.283220
0.283173
0.283122
0.283075
0.283026
0.282981
0.282932
0.282882
0.282828
0.282777
0.282725
0.282669
0.282620
0.282567
0.282511
0.282452
0.282396
0.282341
0.282292
0.282258
0.282203
0.282153
0.282103
0.282053
0.282004
0.281956
0.281907
0.281857
0.281807
0.281755
0.281702
0.281651
0.281598
0.281549
0.281501
0.281455
0.281402
0.281349
0.281298
0.281247
0.281196
0.281143
0.281094
0.281043
0.280997
0.280938
0.280794
0.280745
0.280692
0.280643
0.280593
0.280542
0.280490
0.280441
0.280390
0.280341
0.280288
0.280238
0.280190
0.280151
0.280106
0.280053
0.280007
0.279955
0.279898
0.279847
0.279796
0.279744
0.279687
0.279634
0.279589
0.279537
0.279484
0.279435
0.279384
0.279331
0.279283
0.279235
0.279184
0.279140
0.279093
0.279044
0.278990
0.278941
0.278893
0.278843
0.278790
0.278738
0.278691
0.278642
0.278593
0.278547
0.278499
0.278425
0.278375
0.278338
0.278288
0.278240
0.278188
0.278140
0.278094
0.278045
0.277998
0.277952
0.277903
0.277851
0.277801
0.277752
0.277709
0.277660
0.277616
0.277564
0.277523
0.277480
0.277435
0.277396
0.277353
0.277297
0.277255
0.277213
0.277166
0.277121
0.277074
0.277023
0.276973
0.276925
0.276881
0.276840
0.276797
0.276750
0.276703
0.276660
0.276611
0.276556
0.276508
0.276461
0.276420
0.276372
0.276324
0.276288
0.276247
0.276200
0.276156
0.276113
0.276068
0.276023
0.275981
0.275937
0.275894
0.275852
0.275813
0.275765
0.275724
0.275683
0.275640
0.275600
0.275561
0.275523
0.275480
0.275442
0.275398
0.275359
0.275319
0.275276
0.275233
0.275183
0.275147
0.275107
0.275069
0.275027
0.274987
0.274946
0.274907
0.274870
0.274831
0.274791
0.274752
0.274713
0.274672
0.274641
0.274598
0.274564
0.274519
0.274475
0.274439
0.274394
0.274351
0.274310
0.274268
0.274229
0.274165
0.274124
0.274088
0.274047
0.274009
0.273969
0.273931
0.273894
0.273855
0.273813
0.273772
0.273731
0.273698
0.273659
0.273619
0.273585
0.273544
0.273498
0.273459
0.273421
0.273376
0.273343
0.273309
0.273279
0.273239
0.273200
0.273163
0.273126
0.273094
0.273058
0.273029
0.272987
0.272951
0.272918
0.272884
0.272852
0.272814
0.272777
0.272736
0.272701
0.272670
0.272634
0.272599
0.272565
0.272525
0.272492
0.272456
0.272418
0.272383
0.272357
0.272325
0.272188
0.272156
0.272120
0.272086
0.272052
0.272019
0.271984
0.271949
0.271916
0.271885
0.271854
0.271827
0.271787
0.271753
0.271723
0.271689
0.271655
0.271625
0.271591
0.271560
0.271526
0.271497
0.271464
0.271429
0.271391
0.271355
0.271323
0.271293
0.271259
0.271232
0.271201
0.271172
0.271138
0.271104
0.271073
0.271043
0.271012
0.270986
0.270955
0.270924
0.270895
0.270866
0.270835
0.270806
0.270777
0.270746
0.270716
0.270688
0.270657
0.270627
0.270596
0.270544
0.270518
0.270484
0.270455
0.270427
0.270401
0.270370
0.270342
0.270322
0.270294
0.270262
0.270231
0.270204
0.270171
0.270143
0.270113
0.270083
0.270056
0.270028
0.270006
0.269977
0.269950
0.269922
0.269893
0.269863
0.269835
0.269797
0.269769
0.269742
0.269714
0.269685
0.269658
0.269626
0.269595
0.269565
0.269538
0.269510
0.269475
0.269446
0.269420
0.269391
0.269359
0.269329
0.269297
0.269270
0.269243
0.269220
0.269195
0.269178
0.269152
0.269125
0.269099
0.269073
0.268633
0.268607
0.268579
0.268553
0.268527
0.268506
0.268484
0.268454
0.268429
0.268404
0.268378
0.268351
0.268322
0.268295
0.268271
0.268247
0.268220
0.268196
0.268173
0.268143
0.268118
0.268096
0.268070
0.268044
0.268020
0.267996
0.267972
0.267940
0.267918
0.267894
0.267868
0.267844
0.267822
0.267798
0.267776
0.267760
0.267737
0.267716
0.267692
0.267668
0.267643
0.267621
0.267587
0.267565
0.267542
0.267521
0.267496
0.267474
0.267451
0.267429
0.267408
0.267388
0.267365
0.267339
0.267290
0.267269
0.267246
0.267221
0.267196
0.267172
0.267151
0.267125
0.267104
0.267081
0.267058
0.267033
0.267008
0.266980
0.266959
0.266927
0.266904
0.266884
0.266863
0.266841
0.266820
0.266795
0.266774
0.266748
0.266723
0.266700
0.266680
0.266660
0.266630
0.266609
0.266589
0.266571
0.266545
0.266520
0.266501
0.266474
0.266452
0.266432
0.266414
0.266393
0.266373
0.266355
0.266332
0.266312
0.266293
0.266273
0.266253
0.266233
0.266214
0.266192
0.266172
0.266153
0.266131
0.266113
0.266095
0.266070
0.265945
0.265924
0.265907
0.265888
0.265868
0.265859
0.265837
0.265818
0.265798
0.265776
0.265753
0.265738
0.265716
0.265695
0.265674
0.265643
0.265616
0.265597
0.265576
0.265556
0.265538
0.265517
0.265499
0.265479
0.265455
0.265436
0.265408
0.265382
0.265354
0.265333
0.265315
0.265292
0.265272
0.265253
0.265231
0.265214
0.265194
0.265176
0.265158
0.265137
0.265113
0.265082
0.265062
0.265047
0.265029
0.265012
0.265003
0.264984
0.264968
0.264948
0.264933
0.264916
0.264890
0.264876
0.264854
0.264827
0.264809
0.264767
0.264749
0.264729
0.264709
0.264695
0.264680
0.264663
0.264647
0.264630
0.264613
0.264595
0.264577
0.264559
0.264542
0.264522
0.264511
0.264492
0.264476
0.264459
0.264444
0.264426
0.264408
0.264391
0.264377
0.264361
0.264346
0.264328
0.264311
0.264295
0.264278
0.264265
0.264250
0.264235
0.264212
0.264196
0.264181
0.264163
0.264141
0.264123
0.264107
0.264091
0.264075
0.264057
0.264034
0.264016
0.264000
0.263985
0.263971
0.263953
0.263932
0.263914
0.263899
0.263882
0.263869
0.263853
0.263837
0.263823
0.263807
0.263785
0.263265
0.263251
0.263235
0.263219
0.263202
0.263185
0.263173
0.263159
0.263132
0.263114
0.263095
0.263077
0.263060
0.263043
0.263030
0.263014
0.262997
0.262980
0.262961
0.262947
0.262929
0.262910
0.262896
0.262884
0.262870
0.262854
0.262839
0.262823
0.262799
0.262783
0.262765
0.262752
0.262737
0.262727
0.262707
0.262694
0.262680
0.262661
0.262648
0.262635
0.262619
0.262603
0.262586
0.262571
0.262559
0.262544
0.262530
0.262516
0.262504
0.262487
0.262473
0.262467
0.262454
0.262438
0.262422
0.262410
0.262396
0.262378
0.262356
0.262340
0.262302
0.262285
0.262266
0.262254
0.262241
0.262228
0.262211
0.262196
0.262174
0.262158
0.262143
0.262125
0.262105
0.262086
0.262063
0.262046
0.262033
0.262020
0.262006
0.261994
0.261982
0.261965
0.261952
0.261936
0.261919
0.261909
0.261894
0.261883
0.261870
0.261856
0.261840
0.261829
0.261814
0.261805
0.261793
0.261780
0.261767
0.261747
0.261729
0.261713
0.261701
0.261689
0.261673
0.261660
0.261647
0.261636
0.261622
0.261605
0.261588
0.261566
0.261550
0.261536
0.261527
0.261516
0.261497
0.261483
0.261472
0.261461
0.261446
0.261434
0.261421
0.261408
0.261393
0.261274
0.261255
0.261241
0.261232
0.261221
0.261210
0.261197
0.261184
0.261164
0.261161
0.261149
0.261137
0.261126
0.261110
0.261100
0.261090
0.261075
0.261063
0.261049
0.261037
0.261025
0.261015
0.261003
0.260994
0.260981
0.260969
0.260954
0.260943
0.260929
0.260912
0.260901
0.260888
0.260870
0.260860
0.260846
0.260830
0.260820
0.260808
0.260794
0.260781
0.260772
0.260762
0.260751
0.260741
0.260731
0.260719
0.260705
0.260693
0.260682
0.260671
0.260659
0.260646
0.260637
0.260626
0.260613
0.260600
0.260587
0.260574
0.260563
0.260548
0.260535
0.260525
0.260515
0.260505
0.260469
0.260460
0.260443
0.260426
0.260412
0.260401
0.260395
0.260384
0.260373
0.260351
0.260340
0.260328
0.260317
0.260307
0.260297
0.260284
0.260275
0.260263
0.260252
0.260243
0.260233
0.260219
0.260208
0.260198
0.260187
0.260176
0.260164
0.260158
0.260146
0.260135
0.260123
0.260115
0.260107
0.260096
0.260073
0.260061
0.260043
0.260032
0.260021
0.260013
0.260000
0.259981
0.259970
0.259959
0.259951
0.259940
0.259922
0.259909
0.259898
0.259889
0.259879
0.259870
0.259858
0.259849
0.259841
0.259831
0.259820
0.259809
0.259801
0.259790
0.259781
0.259771
0.259762
0.259753
0.259743
0.259733
0.259725
0.259289
0.259284
0.259277
0.259266
0.259255
0.259242
0.259229
0.259215
0.259208
0.259199
0.259185
0.259176
0.259168
0.259160
0.259152
0.259137
0.259130
0.259120
0.259109
0.259104
0.259092
0.259083
0.259067
0.259056
0.259043
0.259036
0.259028
0.259018
0.259010
0.258995
0.258985
0.258976
0.258967
0.258956
0.258945
0.258925
0.258911
0.258900
0.258893
0.258883
0.258874
0.258863
0.258864
0.258851
0.258838
0.258829
0.258820
0.258803
0.258793
0.258786
0.258775
0.258762
0.258750
0.258741
0.258731
0.258720
0.258711
0.258704
0.258695
0.258686
0.258675
0.258667
0.258656
0.258651
0.258643
0.258634
0.258625
0.258606
0.258599
0.258588
0.258552
0.258544
0.258538
0.258529
0.258522
0.258514
0.258504
0.258494
0.258487
0.258480
0.258473
0.258464
0.258456
0.258446
0.258436
0.258429
0.258412
0.258403
0.258396
0.258389
0.258383
0.258375
0.258369
0.258359
0.258351
0.258341
0.258334
0.258329
0.258320
0.258310
0.258303
0.258295
0.258288
0.258279
0.258269
0.258250
0.258243
0.258237
0.258230
0.258216
0.258209
0.258202
0.258190
0.258184
0.258178
0.258166
0.258156
0.258147
0.258137
0.258130
0.258119
0.258109
0.258101
0.258092
0.258080
0.258077
0.258069
0.258063
0.258045
0.258027
0.258017
0.258009
0.258000
0.257993
0.257985
0.257979
0.257970
0.257963
0.257955
0.257943
0.257935
0.257919
0.257804
0.257799
0.257793
0.257785
0.257779
0.257770
0.257762
0.257755
0.257747
0.257736
0.257728
0.257720
0.257715
0.257707
0.257702
0.257690
0.257685
0.257673
0.257662
0.257654
0.257641
0.257632
0.257627
0.257609
0.257609
0.257599
0.257590
0.257583
0.257576
0.257569
0.257562
0.257557
0.257550
0.257545
0.257538
0.257532
0.257526
0.257505
0.257499
0.257492
0.257486
0.257481
0.257474
0.257461
0.257450
0.257447
0.257439
0.257428
0.257418
0.257412
0.257402
0.257394
0.257389
0.257383
0.257374
0.257366
0.257350
0.257345
0.257339
0.257331
0.257323
0.257317
0.257309
0.257301
0.257288
0.257279
0.257282
0.257275
0.257267
0.257258
0.257248
0.257242
0.257238
0.257232
0.257223
0.257192
0.257184
0.257179
0.257169
0.257164
0.257156
0.257148
0.257142
0.257138
0.257132
0.257120
0.257115
0.257110
0.257107
0.257099
0.257093
0.257087
0.257078
0.257071
0.257062
0.257054
0.257041
0.257032
0.257023
0.257019
0.257013
0.257006
0.257001
0.256992
0.256986
0.256980
0.256968
0.256962
0.256951
0.256946
0.256939
0.256932
0.256928
0.256914
0.256909
0.256902
0.256891
0.256885
0.256880
0.256874
0.256868
0.256862
0.256855
0.256848
0.256840
0.256835
0.256830
0.256823
0.256819
0.256811
0.256806
0.256799
0.256786
0.256779
0.256776
0.256770
0.256762
0.256757
0.256753
0.256745
0.256741
0.256737
0.256730
0.256720
0.256716
0.256712
0.256707
0.256701
0.256695
0.256689
0.256683
0.256684
0.256679
0.256673
0.256669
0.256661
0.256657
0.256644
0.256639
0.256633
0.256627
0.256624
0.256618
0.256613
0.256606
0.256600
0.256594
0.256587
0.256582
0.256579
0.256569
0.256559
0.256552
0.256543
0.256538
0.256534
0.256530
0.256525
0.256521
0.256516
0.256511
0.256509
0.256502
0.256494
0.256489
0.256483
0.256478
0.256471
0.256464
0.256460
0.256453
0.256448
0.256443
0.256439
0.256434
0.256430
0.256425
0.256421
0.256415
0.256410
0.256402
0.256397
0.256393
0.256378
0.256374
0.256358
0.256353
0.256347
0.256340
0.256334
0.256327
0.256321
0.256316
0.256310
0.256307
0.256299
0.256293
0.256291
0.256285
0.256278
0.256268
0.256263
0.256260
0.256255
0.256250
0.256240
0.256236
0.256231
0.256225
0.256212
0.256208
0.256203
0.256196
0.256193
0.256162
0.256157
0.256161
0.256156
0.256150
0.256138
0.256133
0.256127
0.256122
0.256116
0.256110
0.256102
0.256099
0.256093
0.256088
0.256084
0.256081
0.256069
0.256065
0.256061
0.256057
0.256051
0.256045
0.256041
0.256035
0.256031
0.256026
0.256021
0.256017
0.256009
0.256004
0.255997
0.255993
0.255989
0.255986
0.255981
0.255969
0.255968
0.255961
0.255956
0.255949
0.255943
0.255931
0.255925
0.255919
0.255914
0.255908
0.255903
0.255900
0.255897
0.255889
0.255883
0.255878
0.255874
0.255870
0.255866
0.255861
0.255857
0.255846
0.255836
0.255832
0.255828
0.255825
0.255817
0.255813
0.255807
0.255804
0.255800
0.255796
0.255791
0.255787
0.255783
0.255778
0.255772
0.255757
0.255753
0.255750
0.255745
0.255736
0.255733
0.255726
0.255721
0.255716
0.255713
0.255708
0.255592
0.255588
0.255582
0.255586
0.255584
0.255580
0.255570
0.255565
0.255560
0.255556
0.255550
0.255546
0.255543
0.255541
0.255538
0.255536
0.255526
0.255522
0.255517
0.255511
0.255510
0.255505
0.255497
0.255494
0.255493
0.255488
0.255482
0.255477
0.255474
0.255469
0.255466
0.255463
0.255460
0.255457
0.255451
0.255449
0.255446
0.255440
0.255437
0.255430
0.255425
0.255421
0.255412
0.255400
0.255390
0.255385
0.255391
0.255388
0.255382
0.255376
0.255373
0.255370
0.255367
0.255363
0.255361
0.255357
0.255355
0.255351
0.255346
0.255333
0.255329
0.255322
0.255317
0.255314
0.255310
0.255305
0.255300
0.255295
0.255293
0.255286
0.255283
0.255278
0.255273
0.255266
0.255263
0.255259
0.255256
0.255251
0.255247
0.255243
0.255235
0.255229
0.255224
0.255221
0.255216
0.255213
0.255210
0.255206
0.255201
0.255170
0.255174
0.255172
0.255166
0.255164
0.255160
0.255157
0.255147
0.255145
0.255142
0.255140
0.255131
0.255129
0.255127
0.255123
0.255116
0.255112
0.255105
0.255100
0.255096
0.255093
0.255089
0.255085
0.255080
0.255077
0.255073
0.255070
0.255065
0.255059
0.255057
0.255053
0.255043
0.255041
0.255036
0.255034
0.255032
0.255030
0.255026
0.255021
0.255019
0.255016
0.255012
0.255009
0.255006
0.255002
0.254999
0.254985
0.254982
0.254980
0.254977
0.254972
0.254966
0.254962
0.254958
0.254953
0.254951
0.254942
0.254937
0.254932
0.254926
0.254921
0.254920
0.254918
0.254914
0.254910
0.254908
0.254903
0.254902
0.254900
0.254894
0.254891
0.254888
0.254883
0.254881
0.254876
0.254872
0.254868
0.254865
0.254863
0.254860
0.254856
0.254852
0.254848
0.254844
0.254842
0.254840
0.254838
0.254836
0.254834
0.254838
0.254834
0.254829
0.254827
0.254388
0.254386
0.254383
0.254381
0.254379
0.254375
0.254371
0.254366
0.254361
0.254358
0.254354
0.254350
0.254346
0.254343
0.254340
0.254337
0.254335
0.254331
0.254331
0.254328
0.254327
0.254324
0.254320
0.254318
0.254311
0.254307
0.254303
0.254300
0.254296
0.254294
0.254291
0.254289
0.254286
0.254285
0.254281
0.254280
0.254277
0.254267
0.254263
0.254261
0.254264
0.254260
0.254258
0.254254
0.254251
0.254249
0.254248
0.254245
0.254241
0.254229
0.254225
0.254222
0.254218
0.254215
0.254213
0.254211
0.254208
0.254204
0.254200
0.254196
0.254193
0.254190
0.254190
0.254188
0.254184
0.254181
0.254179
0.254176
0.254174
0.254168
0.254164
0.254162
0.254161
0.254157
0.254155
0.254151
0.254149
0.254147
0.254145
0.254143
0.254140
0.254139
0.254137
0.254134
0.254130
0.254135
0.254132
0.254128
0.254124
0.254122
0.254118
0.254115
0.254109
0.254107
0.254103
0.254100
0.254098
0.254094
0.254065
0.254062
0.254058
0.254056
0.254054
0.254052
0.254050
0.254047
0.254047
0.254045
0.254040
0.254034
0.254033
0.254030
0.254029
0.254025
0.254024
0.254023
0.254019
0.254015
0.254012
0.254009
0.254006
0.254005
0.254002
0.253998
0.253994
0.253990
0.253985
0.253985
0.253983
0.253980
0.253979
0.253976
0.253974
0.253972
0.253969
0.253966
0.253963
0.253960
0.253958
0.253953
0.253949
0.253948
0.253947
0.253944
0.253944
0.253940
0.253937
0.253934
0.253933
0.253922
0.253918
0.253915
0.253915
0.253911
0.253908
0.253907
0.253904
0.253899
0.253896
0.253895
0.253886
0.253882
0.253878
0.253876
0.253872
0.253869
0.253866
0.253860
0.253858
0.253856
0.253852
0.253849
0.253846
0.253843
0.253841
0.253843
0.253842
0.253840
0.253839
0.253835
0.253834
0.253831
0.253829
0.253826
0.253824
0.253822
0.253822
0.253818
0.253815
0.253812
0.253810
0.253808
0.253805
0.253803
0.253800
0.253795
0.253789
0.253784
0.253781
0.253778
0.253777
0.253773
0.253659
0.253657
0.253656
0.253653
0.253651
0.253647
0.253644
0.253641
0.253638
0.253637
0.253633
0.253631
0.253630
0.253625
0.253624
0.253622
0.253620
0.253618
0.253623
0.253621
0.253616
0.253610
0.253607
0.253605
0.253604
0.253602
0.253600
0.253596
0.253592
0.253588
0.253587
0.253584
0.253581
0.253580
0.253578
0.253576
0.253573
0.253572
0.253571
0.253568
0.253566
0.253567
0.253565
0.253563
0.253561
0.253559
0.253556
0.253555
0.253553
0.253552
0.253550
0.253548
0.253544
0.253542
0.253535
0.253533
0.253531
0.253530
0.253526
0.253523
0.253520
0.253518
0.253512
0.253509
0.253515
0.253513
0.253512
0.253509
0.253506
0.253501
0.253499
0.253498
0.253494
0.253492
0.253490
0.253488
0.253487
0.253484
0.253480
0.253479
0.253478
0.253475
0.253473
0.253470
0.253469
0.253467
0.253464
0.253464
0.253463
0.253461
0.253457
0.253456
0.253453
0.253451
0.253449
0.253447
0.253446
0.253443
0.253441
0.253434
0.253432
0.253429
0.253427
0.253424
0.253423
0.253422
0.253419
0.253417
0.253415
0.253385
0.253384
0.253382
0.253379
0.253378
0.253377
0.253376
0.253374
0.253372
0.253371
0.253369
0.253367
0.253365
0.253362
0.253359
0.253357
0.253355
0.253354
0.253350
0.253347
0.253342
0.253341
0.253338
0.253335
0.253336
0.253335
0.253334
0.253333
0.253332
0.253331
0.253329
0.253324
0.253322
0.253320
0.253316
0.253315
0.253312
0.253311
0.253311
0.253311
0.253307
0.253306
0.253304
0.253301
0.253300
0.253298
0.253296
0.253300
0.253299
0.253297
0.253295
0.253291
0.253290
0.253287
0.253285
0.253284
0.253282
0.253274
0.253273
0.253272
0.253270
0.253268
0.253268
0.253264
0.253256
0.253255
0.253252
0.253251
0.253249
0.253247
0.253243
0.253241
0.253240
0.253236
0.253235
0.253231
0.253228
0.253226
0.253224
0.253222
0.253219
0.253218
0.253217
0.253215
0.253213
0.253212
0.253209
0.253208
0.253207
0.253206
0.253203
0.253201
0.253196
0.253194
0.253198
0.253196
0.253194
0.253192
0.253188
0.253186
0.253184
0.253182
0.253178
0.253177
0.253175
0.253174
0.253174
0.253172
0.253171
0.253169
0.253168
0.253162
0.253160
0.253159
0.253157
0.253156
0.252723
0.252721
0.252720
0.252718
0.252717
0.252715
0.252713
0.252712
0.252710
0.252709
0.252708
0.252706
0.252704
0.252702
0.252701
0.252698
0.252697
0.252690
0.252688
0.252688
0.252686
0.252685
0.252684
0.252682
0.252689
0.252688
0.252688
0.252685
0.252683
0.252682
0.252681
0.252680
0.252678
0.252677
0.252674
0.252673
0.252673
0.252670
0.252667
0.252664
0.252663
0.252659
0.252657
0.252656
0.252655
0.252652
0.252651
0.252649
0.252651
0.252651
0.252649
0.252647
0.252645
0.252644
0.252641
0.252636
0.252635
0.252634
0.252633
0.252632
0.252623
0.252620
0.252618
0.252616
0.252615
0.252614
0.252613
0.252608
0.252606
0.252600
0.252598
0.252597
0.252596
0.252594
0.252593
0.252590
0.252589
0.252588
0.252588
0.252578
0.252575
0.252575
0.252574
0.252573
0.252572
0.252567
0.252565
0.252563
0.252561
0.252560
0.252556
0.252555
0.252554
0.252553
0.252549
0.252550
0.252548
0.252546
0.252545
0.252542
0.252541
0.252539
0.252538
0.252537
0.252536
0.252534
0.252532
0.252531
0.252529
0.252526
0.252525
0.252524
0.252523
0.252521
0.252518
0.252517
0.252513
0.252512
0.252519
0.252519
0.252517
0.252515
0.252487
0.252486
0.252485
0.252484
0.252481
0.252480
0.252477
0.252477
0.252476
0.252475
0.252473
0.252471
0.252471
0.252470
0.252469
0.252467
0.252465
0.252464
0.252458
0.252458
0.252457
0.252453
0.252452
0.252452
0.252451
0.252450
0.252449
0.252446
0.252444
0.252441
0.252438
0.252435
0.252432
0.252431
0.252429
0.252429
0.252428
0.252426
0.252424
0.252423
0.252423
0.252421
0.252418
0.252425
0.252416
0.252414
0.252414
0.252413
0.252413
0.252411
0.252411
0.252410
0.252409
0.252408
0.252407
0.252406
0.252405
0.252403
0.252402
0.252401
0.252399
0.252397
0.252396
0.252386
0.252385
0.252384
0.252384
0.252384
0.252382
0.252376
0.252375
0.252369
0.252368
0.252367
0.252367
0.252366
0.252364
0.252364
0.252362
0.252360
0.252356
0.252352
0.252349
0.252349
0.252348
0.252347
0.252346
0.252344
0.252343
0.252343
0.252342
0.252348
0.252347
0.252347
0.252345
0.252342
0.252339
0.252337
0.252333
0.252332
0.252325
0.252325
0.252324
0.252324
0.252322
0.252321
0.252316
0.252310
0.252308
0.252307
0.252306
0.252303
0.252301
0.252299
0.252299
0.252300
0.252299
0.252297
0.252294
0.252293
0.252286
0.252285
0.252281
0.252278
0.252278
0.252277
0.252276
0.252276
0.252274
0.252161
0.252159
0.252159
0.252157
0.252155
0.252154
0.252147
0.252143
0.252142
0.252141
0.252139
0.252135
0.252135
0.252135
0.252133
0.252133
0.252132
0.252130
0.252129
0.252129
0.252125
0.252124
0.252123
0.252123
0.252120
0.252119
0.252118
0.252118
0.252117
0.252114
0.252108
0.252106
0.252105
0.252104
0.252103
0.252102
0.252101
0.252099
0.252098
0.252096
0.252089
0.252087
0.252086
0.252084
0.252082
0.252077
0.252076
0.252074
0.252074
0.252071
0.252070
0.252067
0.252067
0.252066
0.252065
0.252063
0.252062
0.252069
0.252068
0.252067
0.252067
0.252066
0.252065
0.252062
0.252062
0.252059
0.252057
0.252050
0.252049
0.252048
0.252049
0.252048
0.252048
0.252047
0.252045
0.252044
0.252044
0.252039
0.252038
0.252036
0.252036
0.252037
0.252034
0.252033
0.252031
0.252030
0.252028
0.252026
0.252024
0.252023
0.252021
0.252011
0.252002
0.252001
0.252001
0.251998
0.251998
0.251995
0.251994
0.251994
0.251994
0.251991
0.251987
0.251985
0.251985
0.251990
0.251989
0.251989
0.251989
0.251986
0.251985
0.251984
0.251984
0.251982
0.251982
0.251981
0.251981
0.251981
0.251976
0.251974
0.251973
0.251972
0.251970
0.251968
0.251968
0.251966
0.251964
0.251963
0.251961
0.251962
0.251961
0.251960
0.251958
0.251956
0.251955
0.251956
0.251928
0.251926
0.251925
0.251923
0.251922
0.251921
0.251919
0.251916
0.251914
0.251913
0.251911
0.251909
0.251909
0.251908
0.251907
0.251904
0.251900
0.251905
0.251903
0.251900
0.251899
0.251898
0.251897
0.251896
0.251893
0.251892
0.251891
0.251891
0.251889
0.251890
0.251889
0.251888
0.251888
0.251886
0.251886
0.251882
0.251880
0.251880
0.251878
0.251878
0.251877
0.251877
0.251877
0.251876
0.251873
0.251870
0.251870
0.251870
0.251869
0.251868
0.251866
0.251865
0.251864
0.251860
0.251858
0.251856
0.251856
0.251855
0.251853
0.251853
0.251851
0.251851
0.251848
0.251846
0.251845
0.251844
0.251842
0.251842
0.251840
0.251840
0.251836
0.251834
0.251827
0.251825
0.251825
0.251824
0.251822
0.251821
0.251820
0.251820
0.251817
0.251814
0.251812
0.251811
0.251810
0.251809
0.251809
0.251809
0.251807
0.251806
0.251807
0.251803
0.251802
0.251802
0.251801
0.251799
0.251795
0.251793
0.251789
0.251785
0.251783
0.251783
0.251784
0.251776
0.251774
0.251774
0.251773
0.251771
0.251770
0.251767
0.251765
0.251763
0.251754
0.251753
0.251759
0.251759
0.251757
0.251755
0.251752
0.251751
0.251751
0.251749
0.251749
0.251748
0.251747
0.251747
0.251746
0.251744
0.251743
0.251741
0.251739
0.251738
0.251736
0.251734
0.251734
0.251733
0.251732
0.251727
0.251729
0.251728
0.251727
0.251725
0.251716
0.251713
0.251713
0.251269
0.251268
0.251265
0.251266
0.251265
0.251264
0.251263
0.251262
0.251260
0.251260
0.251259
0.251259
0.251256
0.251254
0.251254
0.251251
0.251249
0.251256
0.251255
0.251253
0.251245
0.251244
0.251243
0.251243
0.251241
0.251240
0.251234
0.251233
0.251231
0.251230
0.251231
0.251230
0.251228
0.251228
0.251227
0.251226
0.251222
0.251219
0.251218
0.251217
0.251217
0.251218
0.251218
0.251217
0.251216
0.251209
0.251209
0.251208
0.251206
0.251205
0.251199
0.251197
0.251197
0.251197
0.251196
0.251195
0.251194
0.251193
0.251193
0.251191
0.251191
0.251177
0.251177
0.251176
0.251177
0.251185
0.251184
0.251184
0.251182
0.251182
0.251182
0.251181
0.251181
0.251180
0.251178
0.251175
0.251167
0.251164
0.251164
0.251158
0.251157
0.251156
0.251152
0.251152
0.251151
0.251151
0.251150
0.251149
0.251146
0.251145
0.251146
0.251143
0.251142
0.251141
0.251140
0.251140
0.251140
0.251139
0.251137
0.251135
0.251129
0.251129
0.251129
0.251128
0.251127
0.251125
0.251123
0.251123
0.251121
0.251120
0.251119
0.251119
0.251119
0.251117
0.251115
0.251112
0.251111
0.251108
0.251107
0.251106
0.251107
0.251103
0.251096
0.251095
0.251094
0.251092
0.251093
0.251090
0.251090
0.251088
0.251082
0.251082
0.251079
0.251078
0.251076
0.251075
0.251071
0.251071
0.251071
0.251070
0.251069
0.251068
0.251067
0.251066
0.251065
0.251064
0.251064
0.251063
0.251063
0.251063
0.251063
0.251062
0.251061
0.251032
0.251027
0.251026
0.251026
0.251025
0.251024
0.251025
0.251023
0.251022
0.251021
0.251029
0.251026
0.251025
0.251024
0.251022
0.251020
0.251019
0.251018
0.251016
0.251016
0.251014
0.251014
0.251013
0.251012
0.251011
0.251004
0.251003
0.251001
0.250999
0.250998
0.250998
0.250997
0.250996
0.250995
0.250988
0.250988
0.250987
0.250986
0.250986
0.250980
0.250973
0.250972
0.250971
0.250969
0.250968
0.250968
0.250968
0.250967
0.250966
0.250965
0.250964
0.250961
0.250960
0.250959
0.250957
0.250956
0.250956
0.250955
0.250956
0.250963
0.250959
0.250957
0.250956
0.250953
0.250950
0.250949
0.250948
0.250948
0.250947
0.250947
0.250946
0.250945
0.250941
0.250940
0.250939
0.250939
0.250935
0.250933
0.250933
0.250933
0.250932
0.250924
0.250924
0.250925
0.250924
0.250924
0.250923
0.250920
0.250919
0.250918
0.250918
0.250917
0.250915
0.250915
0.250912
0.250911
0.250911
0.250911
0.250910
0.250908
0.250907
0.250904
0.250903
0.250903
0.250901
0.250902
0.250901
0.250899
0.250903
0.250902
0.250902
0.250900
0.250898
0.250895
0.250894
0.250892
0.250891
0.250888
0.250886
0.250886
0.250886
0.250885
0.250883
0.250882
0.250878
0.250877
0.250875
0.250875
0.250873
0.250872
0.250869
0.250869
0.250867
0.250869
0.250869
0.250868
0.250867
0.250865
0.250863
0.250862
0.250861
0.250859
0.250858
0.250857
0.250855
0.250855
0.250855
