0.771860
0.770090
0.768320
0.766624
0.764902
0.763207
0.761492
0.759856
0.758177
0.756569
0.754946
0.753356
0.751759
0.750189
0.748604
0.747082
0.745528
0.744023
0.742378
0.740882
0.739377
0.737894
0.736435
0.734929
0.733423
0.731931
0.730442
0.728959
0.727433
0.725938
0.724435
0.722935
0.721427
0.719910
0.718385
0.716853
0.715310
0.713800
0.712262
0.710686
0.709137
0.707552
0.705977
0.704419
0.702856
0.701305
0.699750
0.698192
0.696592
0.694977
0.693360
0.691783
0.690233
0.688677
0.687102
0.685539
0.683973
0.682400
0.680849
0.679251
0.677544
0.676016
0.674497
0.672977
0.671452
0.669913
0.668384
0.666906
0.665390
0.663901
0.662426
0.660831
0.659308
0.657804
0.656295
0.654826
0.653402
0.651952
0.650542
0.649069
0.647639
0.646162
0.644075
0.642652
0.641229
0.639824
0.638418
0.637027
0.635620
0.634221
0.632799
0.631434
0.630064
0.628714
0.627326
0.625999
0.624667
0.623312
0.621991
0.620640
0.619320
0.617999
0.616709
0.615369
0.614075
0.612710
0.611241
0.609933
0.608659
0.607387
0.606134
0.604860
0.603629
0.602396
0.601151
0.599873
0.598654
0.597431
0.596166
0.594870
0.593667
0.592462
0.591263
0.590085
0.588891
0.587715
0.586544
0.585401
0.584201
0.583025
0.580539
0.579413
0.578261
0.577097
0.575958
0.574839
0.573729
0.572617
0.571490
0.570388
0.569267
0.568145
0.567047
0.565967
0.564888
0.563815
0.562758
0.561707
0.560673
0.559620
0.558591
0.557515
0.556481
0.555252
0.554217
0.553214
0.552180
0.551167
0.550184
0.549161
0.548155
0.547164
0.546197
0.545202
0.544227
0.543214
0.542256
0.541286
0.540333
0.539378
0.538424
0.537465
0.536529
0.535588
0.534657
0.533728
0.532010
0.531118
0.530215
0.529285
0.528348
0.527449
0.526526
0.525621
0.524735
0.523872
0.523014
0.522132
0.521214
0.520334
0.519481
0.518612
0.517774
0.516917
0.516065
0.515187
0.514345
0.513515
0.512672
0.511862
0.510768
0.509963
0.509146
0.508321
0.507515
0.506715
0.505916
0.505107
0.504321
0.503532
0.502753
0.501983
0.501166
0.500384
0.499606
0.498819
0.498053
0.497291
0.496488
0.495763
0.495009
0.494268
0.493524
0.492802
0.492086
0.491350
0.490613
0.489857
0.489107
0.488399
0.487660
0.486909
0.486197
0.485513
0.484814
0.484115
0.483427
0.482664
0.481979
0.481253
0.480546
0.479863
0.479181
0.478528
0.477831
0.477191
0.476524
0.475865
0.475219
0.474541
0.473638
0.472997
0.472327
0.471690
0.471037
0.470398
0.469778
0.469128
0.468494
0.467869
0.467250
0.466623
0.465987
0.465293
0.464694
0.464054
0.463445
0.462847
0.462234
0.461646
0.460974
0.460348
0.459758
0.459182
0.458594
0.458006
0.457428
0.455872
0.455291
0.454689
0.454116
0.453513
0.452924
0.452338
0.451744
0.451181
0.450627
0.450044
0.449481
0.448935
0.448383
0.447753
0.447189
0.446624
0.446081
0.445518
0.444962
0.444407
0.443850
0.443316
0.442757
0.442184
0.441649
0.441100
0.440579
0.439801
0.439283
0.438759
0.438233
0.437702
0.437180
0.436672
0.436167
0.435645
0.435131
0.434616
0.434113
0.433616
0.433101
0.432580
0.432012
0.431521
0.431024
0.430541
0.430051
0.429558
0.429056
0.428529
0.428049
0.427577
0.427091
0.426615
0.426137
0.425654
0.425170
0.424485
0.424035
0.423565
0.423100
0.422632
0.422183
0.421737
0.421256
0.420773
0.420308
0.419860
0.419422
0.418952
0.418496
0.418024
0.417590
0.417087
0.416644
0.416177
0.415720
0.415294
0.414870
0.414429
0.413992
0.413540
0.413093
0.412678
0.412224
0.411770
0.411321
0.410905
0.410470
0.409770
0.409336
0.408914
0.408496
0.408071
0.407654
0.407251
0.406816
0.406367
0.405979
0.405580
0.405149
0.404729
0.404299
0.403885
0.403476
0.403061
0.402606
0.402196
0.401742
0.401346
0.400947
0.400534
0.400147
0.399734
0.399328
0.398952
0.398553
0.398148
0.397737
0.397357
0.396977
0.396604
0.395159
0.394773
0.394387
0.394012
0.393629
0.393268
0.392888
0.392486
0.392120
0.391742
0.391374
0.391011
0.390619
0.390250
0.389896
0.389455
0.389044
0.388657
0.388297
0.387922
0.387562
0.387208
0.386839
0.386441
0.386089
0.385731
0.385401
0.385021
0.384676
0.384333
0.383708
0.383345
0.382994
0.382630
0.382277
0.381919
0.381574
0.381207
0.380863
0.380492
0.380138
0.379800
0.379434
0.379091
0.378672
0.378354
0.378024
0.377643
0.377318
0.376963
0.376635
0.376293
0.375952
0.375633
0.375294
0.374948
0.374615
0.374302
0.373980
0.373674
0.373347
0.373040
0.372706
0.372390
0.372075
0.371733
0.371419
0.371104
0.370780
0.370441
0.370137
0.369837
0.369461
0.369170
0.368835
0.368518
0.368194
0.367888
0.367584
0.367271
0.366964
0.366658
0.366359
0.366062
0.365776
0.365480
0.365206
0.364600
0.364331
0.364044
0.363735
0.363445
0.363154
0.362880
0.362606
0.362319
0.362029
0.361761
0.361493
0.361225
0.360956
0.360712
0.360351
0.360066
0.359804
0.359533
0.359265
0.358997
0.358735
0.358478
0.358185
0.357936
0.357630
0.357360
0.357091
0.356828
0.356569
0.355359
0.355108
0.354869
0.354615
0.354364
0.354106
0.353858
0.353612
0.353349
0.353102
0.352866
0.352610
0.352348
0.352104
0.351869
0.351622
0.351318
0.351049
0.350813
0.350576
0.350333
0.350073
0.349832
0.349592
0.349338
0.349074
0.348857
0.348617
0.348384
0.348157
0.347919
0.347375
0.347152
0.346936
0.346681
0.346450
0.346239
0.345993
0.345761
0.345516
0.345290
0.345071
0.344847
0.344619
0.344391
0.344175
0.343955
0.343733
0.343438
0.343229
0.343028
0.342797
0.342582
0.342347
0.342137
0.341928
0.341713
0.341523
0.341325
0.341133
0.340934
0.340696
0.340479
0.340260
0.340057
0.339843
0.339614
0.339415
0.339199
0.339005
0.338791
0.338594
0.338380
0.338188
0.337975
0.337760
0.337563
0.337363
0.337176
0.336976
0.336788
0.336519
0.336317
0.336132
0.335955
0.335762
0.335565
0.335371
0.335189
0.334979
0.334800
0.334603
0.334421
0.334225
0.334039
0.333858
0.333677
0.333469
0.332961
0.332797
0.332617
0.332436
0.332250
0.332065
0.331889
0.331714
0.331518
0.331333
0.331141
0.330966
0.330789
0.330606
0.330434
0.330257
0.330063
0.329799
0.329633
0.329462
0.329293
0.329116
0.328942
0.328779
0.328614
0.328438
0.328256
0.328074
0.327901
0.327744
0.327558
0.327397
0.327229
0.327064
0.326901
0.325915
0.325749
0.325584
0.325430
0.325268
0.325109
0.324926
0.324769
0.324606
0.324377
0.324218
0.324048
0.323888
0.323727
0.323584
0.323431
0.323275
0.323119
0.322868
0.322703
0.322530
0.322381
0.322226
0.322063
0.321920
0.321758
0.321599
0.321425
0.321271
0.321111
0.320952
0.320783
0.320626
0.320484
0.320321
0.320178
0.319700
0.319556
0.319410
0.319247
0.319112
0.318949
0.318795
0.318642
0.318488
0.318330
0.318175
0.318018
0.317870
0.317736
0.317586
0.317451
0.317300
0.317168
0.317014
0.316787
0.316642
0.316501
0.316377
0.316241
0.316065
0.315930
0.315796
0.315662
0.315514
0.315347
0.315200
0.315072
0.314939
0.314814
0.314664
0.314523
0.314396
0.314255
0.314123
0.313999
0.313865
0.313720
0.313595
0.313472
0.313326
0.313189
0.313049
0.312908
0.312767
0.312619
0.312498
0.312356
0.312233
0.312113
0.311989
0.311864
0.311744
0.311620
0.311503
0.311294
0.311169
0.311048
0.310923
0.310800
0.310653
0.310528
0.310390
0.310262
0.310132
0.309992
0.309864
0.309745
0.309627
0.309505
0.309371
0.309258
0.309142
0.309029
0.308911
0.308439
0.308326
0.308205
0.308083
0.307938
0.307813
0.307692
0.307586
0.307468
0.307351
0.307237
0.307086
0.306967
0.306855
0.306720
0.306594
0.306475
0.306365
0.306248
0.306137
0.306022
0.305815
0.305708
0.305592
0.305481
0.305359
0.305232
0.305104
0.305003
0.304888
0.304778
0.304672
0.304547
0.304429
0.304303
0.304179
0.304066
0.303948
0.303840
0.303734
0.303623
0.303514
0.303408
0.302574
0.302469
0.302368
0.302264
0.302145
0.302032
0.301919
0.301805
0.301706
0.301600
0.301499
0.301371
0.301263
0.301167
0.301062
0.300965
0.300845
0.300739
0.300633
0.300501
0.300394
0.300270
0.300072
0.299964
0.299861
0.299758
0.299668
0.299548
0.299446
0.299332
0.299221
0.299122
0.299016
0.298893
0.298790
0.298687
0.298585
0.298497
0.298390
0.298298
0.298195
0.298085
0.297975
0.297882
0.297420
0.297309
0.297212
0.297119
0.297029
0.296913
0.296813
0.296713
0.296624
0.296539
0.296443
0.296320
0.296207
0.296106
0.296011
0.295921
0.295832
0.295729
0.295645
0.295548
0.295448
0.295367
0.295279
0.295090
0.294992
0.294901
0.294797
0.294709
0.294621
0.294531
0.294443
0.294349
0.294258
0.294168
0.294056
0.293961
0.293858
0.293768
0.293682
0.293574
0.293480
0.293390
0.293302
0.293216
0.293133
0.293044
0.292957
0.292870
0.292761
0.292668
0.292578
0.292495
0.292406
0.292302
0.292220
0.292132
0.292056
0.291975
0.291866
0.291788
0.291678
0.291594
0.291504
0.291419
0.291333
0.291247
0.291169
0.291094
0.291019
0.290936
0.290759
0.290668
0.290587
0.290504
0.290422
0.290347
0.290270
0.290189
0.290111
0.290027
0.289931
0.289849
0.289743
0.289662
0.289581
0.289500
0.289429
0.289349
0.289268
0.289187
0.289104
0.289026
0.288943
0.288860
0.288405
0.288327
0.288249
0.288172
0.288103
0.288012
0.287928
0.287850
0.287763
0.287695
0.287616
0.287538
0.287430
0.287362
0.287285
0.287202
0.287124
0.287053
0.286973
0.286899
0.286823
0.286754
0.286679
0.286602
0.286523
0.286351
0.286267
0.286197
0.286121
0.286052
0.285975
0.285903
0.285830
0.285764
0.285702
0.285625
0.285556
0.285482
0.285395
0.285326
0.285250
0.285177
0.285108
0.285042
0.284964
0.284890
0.284826
0.284742
0.284664
0.284579
0.284501
0.283818
0.283745
0.283679
0.283609
0.283543
0.283470
0.283389
0.283307
0.283238
0.283161
0.283098
0.283036
0.282963
0.282868
0.282799
0.282728
0.282657
0.282601
0.282537
0.282467
0.282403
0.282342
0.282270
0.282205
0.282137
0.282065
0.281892
0.281834
0.281761
0.281699
0.281623
0.281561
0.281498
0.281434
0.281356
0.281293
0.281231
0.281167
0.281103
0.281008
0.280939
0.280872
0.280804
0.280741
0.280678
0.280615
0.280546
0.280475
0.280411
0.280344
0.280287
0.280223
0.280163
0.279705
0.279649
0.279591
0.279531
0.279451
0.279392
0.279337
0.279260
0.279197
0.279134
0.279075
0.279020
0.278949
0.278885
0.278817
0.278753
0.278682
0.278624
0.278567
0.278510
0.278446
0.278384
0.278318
0.278261
0.278198
0.278122
0.278052
0.277996
0.277842
0.277786
0.277717
0.277657
0.277603
0.277539
0.277486
0.277415
0.277354
0.277293
0.277219
0.277167
0.277105
0.277055
0.276979
0.276917
0.276859
0.276802
0.276742
0.276681
0.276626
0.276568
0.276509
0.276451
0.276398
0.276347
0.276282
0.276228
0.276177
0.276115
0.276066
0.276010
0.275952
0.275898
0.275848
0.275797
0.275727
0.275673
0.275624
0.275567
0.275514
0.275458
0.275398
0.275327
0.275274
0.275215
0.275154
0.275095
0.275044
0.274989
0.274931
0.274871
0.274824
0.274775
0.274722
0.274675
0.274628
0.274578
0.274413
0.274357
0.274306
0.274258
0.274198
0.274148
0.274099
0.274037
0.273988
0.273941
0.273887
0.273845
0.273797
0.273741
0.273682
0.273609
0.273550
0.273487
0.273438
0.273369
0.273323
0.273277
0.273226
0.273172
0.273123
0.273070
0.273011
0.272955
0.272906
0.272864
0.272417
0.272372
0.272322
0.272262
0.272211
0.272167
0.272124
0.272074
0.272028
0.271985
0.271942
0.271888
0.271834
0.271800
0.271757
0.271716
0.271646
0.271593
0.271550
0.271509
0.271458
0.271413
0.271371
0.271330
0.271282
0.271236
0.271179
0.271135
0.271089
0.271049
0.271018
0.270976
0.270820
0.270770
0.270726
0.270678
0.270635
0.270584
0.270544
0.270500
0.270454
0.270407
0.270365
0.270319
0.270270
0.270233
0.270190
0.270142
0.270071
0.270029
0.269984
0.269942
0.269894
0.269848
0.269809
0.269764
0.269705
0.269661
0.269615
0.269574
0.269531
0.269489
0.269447
0.269403
0.269362
0.268784
0.268742
0.268698
0.268661
0.268618
0.268572
0.268533
0.268489
0.268437
0.268389
0.268355
0.268302
0.268259
0.268219
0.268187
0.268148
0.268110
0.268040
0.268000
0.267963
0.267919
0.267878
0.267842
0.267797
0.267753
0.267702
0.267657
0.267617
0.267578
0.267545
0.267512
0.267471
0.267436
0.267400
0.267262
0.267218
0.267183
0.267146
0.267112
0.267074
0.267038
0.267001
0.266965
0.266921
0.266887
0.266854
0.266814
0.266783
0.266743
0.266705
0.266671
0.266631
0.266567
0.266526
0.266499
0.266461
0.266423
0.266382
0.266341
0.266297
0.266263
0.266228
0.266188
0.266153
0.266120
0.266077
0.266040
0.266009
0.265959
0.265920
0.265475
0.265444
0.265404
0.265366
0.265329
0.265291
0.265258
0.265218
0.265179
0.265139
0.265107
0.265075
0.265044
0.265007
0.264975
0.264947
0.264912
0.264880
0.264820
0.264785
0.264754
0.264726
0.264691
0.264653
0.264617
0.264582
0.264559
0.264520
0.264491
0.264459
0.264427
0.264394
0.264358
0.264325
0.264286
0.264254
0.264226
0.264089
0.264052
0.264020
0.263991
0.263954
0.263924
0.263893
0.263861
0.263829
0.263786
0.263758
0.263723
0.263699
0.263669
0.263640
0.263605
0.263561
0.263531
0.263488
0.263424
0.263393
0.263357
0.263326
0.263296
0.263266
0.263226
0.263199
0.263162
0.263136
0.263103
0.263070
0.263039
0.263012
0.262984
0.262952
0.262924
0.262895
0.262867
0.262841
0.262814
0.262787
0.262759
0.262729
0.262701
0.262670
0.262643
0.262621
0.262592
0.262568
0.262536
0.262508
0.262472
0.262449
0.262413
0.262384
0.262362
0.262332
0.262303
0.262274
0.262222
0.262195
0.262165
0.262140
0.262116
0.262083
0.262056
0.262026
0.262004
0.261980
0.261950
0.261921
0.261901
0.261870
0.261844
0.261821
0.261792
0.261769
0.261729
0.261706
0.261685
0.261538
0.261504
0.261478
0.261452
0.261428
0.261402
0.261371
0.261338
0.261316
0.261287
0.261260
0.261235
0.261213
0.261186
0.261156
0.261129
0.261100
0.261070
0.261047
0.261027
0.261004
0.260982
0.260934
0.260899
0.260875
0.260848
0.260820
0.260792
0.260770
0.260743
0.260717
0.260691
0.260670
0.260636
0.260607
0.260582
0.260559
0.260537
0.260515
0.260496
0.260459
0.260435
0.260420
0.260394
0.259953
0.259931
0.259911
0.259893
0.259866
0.259838
0.259810
0.259784
0.259758
0.259739
0.259717
0.259687
0.259661
0.259639
0.259615
0.259602
0.259585
0.259564
0.259545
0.259526
0.259503
0.259464
0.259441
0.259392
0.259371
0.259354
0.259335
0.259306
0.259282
0.259264
0.259246
0.259228
0.259205
0.259187
0.259161
0.259137
0.259118
0.259092
0.259070
0.259040
0.259015
0.258999
0.258973
0.258954
0.258936
0.258917
0.258789
0.258767
0.258746
0.258736
0.258715
0.258695
0.258676
0.258661
0.258636
0.258618
0.258597
0.258572
0.258546
0.258525
0.258511
0.258496
0.258473
0.258458
0.258438
0.258416
0.258406
0.258388
0.258367
0.258343
0.258297
0.258277
0.258257
0.258242
0.258222
0.258204
0.258172
0.258151
0.258132
0.258111
0.258095
0.258077
0.258059
0.258043
0.258026
0.257999
0.257984
0.257969
0.257950
0.257931
0.257917
0.257895
0.257873
0.257860
0.257842
0.257828
0.257345
0.257330
0.257316
0.257294
0.257270
0.257255
0.257241
0.257217
0.257199
0.257185
0.257168
0.257151
0.257136
0.257118
0.257100
0.257080
0.257068
0.257048
0.257026
0.257011
0.256982
0.256970
0.256957
0.256944
0.256914
0.256899
0.256852
0.256834
0.256814
0.256796
0.256776
0.256756
0.256748
0.256732
0.256721
0.256705
0.256691
0.256676
0.256657
0.256635
0.256621
0.256604
0.256589
0.256578
0.256569
0.256559
0.256547
0.256534
0.256518
0.256503
0.256483
0.256461
0.256446
0.256325
0.256312
0.256293
0.256276
0.256268
0.256254
0.256238
0.256224
0.256210
0.256197
0.256182
0.256158
0.256142
0.256134
0.256116
0.256105
0.256085
0.256069
0.256057
0.256046
0.256032
0.256017
0.256009
0.255991
0.255977
0.255961
0.255943
0.255925
0.255914
0.255875
0.255856
0.255846
0.255835
0.255826
0.255812
0.255801
0.255789
0.255773
0.255760
0.255750
0.255745
0.255733
0.255724
0.255703
0.255691
0.255682
0.255671
0.255655
0.255635
0.255624
0.255612
0.255589
0.255576
0.255564
0.255547
0.255534
0.255525
0.255517
0.255082
0.255070
0.255052
0.255042
0.255025
0.255017
0.255009
0.254990
0.254978
0.254970
0.254957
0.254950
0.254934
0.254924
0.254912
0.254901
0.254883
0.254874
0.254863
0.254860
0.254852
0.254842
0.254833
0.254819
0.254810
0.254795
0.254782
0.254768
0.254759
0.254749
0.254740
0.254699
0.254686
0.254679
0.254662
0.254648
0.254638
0.254626
0.254609
0.254596
0.254587
0.254572
0.254564
0.254553
0.254544
0.254533
0.254516
0.254499
0.254486
0.254475
0.254463
0.254451
0.254435
0.254423
0.254413
0.254404
0.254400
0.254391
0.254382
0.254374
0.254360
0.254350
0.254341
0.254333
0.254213
0.254202
0.254196
0.254188
0.254177
0.254171
0.254161
0.254153
0.254139
0.254131
0.254121
0.254115
0.254104
0.254093
0.254084
0.254075
0.254065
0.254045
0.254029
0.254018
0.253996
0.253987
0.253978
0.253972
0.253965
0.253955
0.253944
0.253932
0.253924
0.253918
0.253915
0.253906
0.253897
0.253892
0.253858
0.253853
0.253845
0.253839
0.253830
0.253821
0.253815
0.253802
0.253795
0.253782
0.253775
0.253767
0.253758
0.253750
0.253742
0.253734
0.253728
0.253715
0.253697
0.253684
0.253676
0.253664
0.253656
0.253649
0.253644
0.253639
0.253636
0.253628
0.253620
0.253615
0.253605
0.253598
0.253589
0.253583
0.253576
0.253567
0.253567
0.253563
0.253557
0.253548
0.253533
0.253528
0.253518
0.253511
0.253505
0.253498
0.253491
0.253484
0.253479
0.253468
0.253462
0.253455
0.253449
0.253442
0.253431
0.253420
0.253406
0.253398
0.253390
0.253380
0.253373
0.253363
0.253358
0.253352
0.253349
0.253340
0.253332
0.253324
0.253319
0.253313
0.253308
0.253305
0.253297
0.253292
0.253286
0.253252
0.253252
0.253245
0.253237
0.253231
0.253226
0.253222
0.253216
0.253211
0.253205
0.253190
0.253180
0.253175
0.253170
0.253164
0.253158
0.253150
0.253141
0.253134
0.253128
0.253120
0.253102
0.253096
0.253091
0.253086
0.253081
0.253075
0.253069
0.253061
0.253053
0.253048
0.253043
0.253037
0.253031
0.253024
0.253020
0.253014
0.253007
0.253002
0.252995
0.252990
0.252985
0.252865
0.252867
0.252856
0.252853
0.252846
0.252842
0.252831
0.252820
0.252810
0.252805
0.252799
0.252795
0.252789
0.252780
0.252776
0.252768
0.252762
0.252757
0.252750
0.252740
0.252736
0.252721
0.252721
0.252708
0.252703
0.252695
0.252690
0.252679
0.252675
0.252669
0.252663
0.252660
0.252655
0.252653
0.252644
0.252640
0.252634
0.252627
0.252620
0.252614
0.252609
0.252601
0.252596
0.252588
0.252563
0.252556
0.252551
0.252549
0.252544
0.252538
0.252533
0.252531
0.252524
0.252522
0.252512
0.252507
0.252504
0.252497
0.252489
0.252483
0.252475
0.252468
0.252460
0.252456
0.252453
0.252445
0.252440
0.252427
0.252425
0.252419
0.252411
0.252407
0.252395
0.252391
0.252388
0.252385
0.252379
0.252377
0.252372
0.252368
0.252362
0.252356
0.252348
0.252345
0.252340
0.252329
0.252323
0.252317
0.252320
0.252316
0.251870
0.251866
0.251859
0.251855
0.251851
0.251844
0.251838
0.251833
0.251823
0.251822
0.251818
0.251813
0.251809
0.251803
0.251797
0.251791
0.251787
0.251781
0.251773
0.251768
0.251763
0.251765
0.251761
0.251756
0.251752
0.251742
0.251738
0.251735
0.251729
0.251717
0.251709
0.251703
0.251701
0.251696
0.251692
0.251687
0.251684
0.251676
0.251666
0.251661
0.251655
0.251649
0.251646
0.251642
0.251646
0.251641
0.251635
0.251632
0.251627
0.251623
0.251620
0.251588
0.251584
0.251582
0.251579
0.251576
0.251570
0.251569
0.251566
0.251561
0.251557
0.251553
0.251550
0.251546
0.251540
0.251536
0.251531
0.251526
0.251520
0.251515
0.251510
0.251508
0.251502
0.251498
0.251494
0.251492
0.251487
0.251473
0.251466
0.251462
0.251457
0.251455
0.251451
0.251448
0.251445
0.251442
0.251438
0.251435
0.251431
0.251428
0.251431
0.251413
0.251409
0.251405
0.251403
0.251399
0.251397
0.251392
0.251389
0.251382
0.251374
0.251372
0.251370
0.251366
0.251362
0.251247
0.251241
0.251238
0.251231
0.251223
0.251221
0.251216
0.251211
0.251208
0.251211
0.251205
0.251201
0.251197
0.251192
0.251187
0.251185
0.251183
0.251174
0.251165
0.251164
0.251159
0.251157
0.251151
0.251146
0.251143
0.251139
0.251134
0.251132
0.251120
0.251114
0.251110
0.251107
0.251104
0.251104
0.251100
0.251092
0.251087
0.251081
0.251074
0.251069
0.251065
0.251060
0.251055
0.251049
0.251044
0.251042
0.251042
0.251036
0.251032
0.251027
0.251025
0.251020
0.251015
0.251012
0.251009
0.251007
0.251002
0.251000
0.250968
0.250961
0.250956
0.250952
0.250950
0.250946
0.250943
0.250939
0.250936
0.250933
0.250927
0.250923
0.250918
0.250914
0.250912
0.250899
0.250890
0.250888
0.250885
0.250881
0.250872
0.250866
0.250863
0.250862
0.250856
0.250859
0.250845
0.250842
0.250836
0.250831
0.250814
0.250810
0.250808
0.250804
0.250800
0.250797
0.250791
0.250789
0.250787
0.250784
0.250779
0.250774
0.250773
0.250771
0.250770
0.250767
0.250764
0.250761
0.250759
0.250757
0.250748
0.250746
0.250744
0.250741
0.250733
0.250726
0.250720
0.250718
0.250716
0.250713
0.250711
0.250709
0.250291
0.250288
0.250284
0.250281
0.250281
0.250278
0.250277
0.250273
0.250268
0.250264
0.250261
0.250257
0.250255
0.250251
0.250257
0.250254
0.250248
0.250243
0.250240
0.250236
0.250234
0.250229
0.250226
0.250225
0.250223
0.250218
0.250212
0.250211
0.250210
0.250207
0.250204
0.250202
0.250200
0.250191
0.250189
0.250185
0.250182
0.250175
0.250169
0.250165
0.250163
0.250161
0.250157
0.250155
0.250151
0.250144
0.250138
0.250132
0.250130
0.250127
0.250120
0.250115
0.250113
0.250111
0.250108
0.250102
0.250101
0.250099
0.250086
0.250084
0.250081
0.250077
0.250074
0.250072
0.250068
0.250066
0.250070
0.250068
0.250038
0.250035
0.250030
0.250027
0.250024
0.250023
0.250020
0.250017
0.250013
0.250012
0.250007
0.250008
0.250003
0.250001
0.249999
0.249997
0.249993
0.249988
0.249979
0.249975
0.249971
0.249967
0.249964
0.249960
0.249956
0.249962
0.249954
0.249947
0.249946
0.249939
0.249936
0.249933
0.249931
0.249927
0.249924
0.249923
0.249911
0.249909
0.249909
0.249901
0.249898
0.249897
0.249892
0.249888
0.249886
0.249884
0.249881
0.249875
0.249873
0.249871
0.249869
0.249866
0.249871
0.249870
0.249865
0.249862
0.249860
0.249857
0.249853
0.249851
0.249841
0.249829
0.249826
0.249823
0.249818
0.249816
0.249814
0.249810
0.249807
0.249804
0.249803
0.249799
0.249798
0.249681
0.249679
0.249677
0.249676
0.249673
0.249671
0.249668
0.249664
0.249660
0.249659
0.249655
0.249652
0.249650
0.249648
0.249645
0.249639
0.249638
0.249632
0.249629
0.249627
0.249623
0.249621
0.249618
0.249616
0.249612
0.249609
0.249602
0.249601
0.249598
0.249595
0.249593
0.249590
0.249587
0.249585
0.249588
0.249586
0.249584
0.249584
0.249581
0.249570
0.249557
0.249554
0.249545
0.249540
0.249536
0.249532
0.249532
0.249529
0.249528
0.249525
0.249521
0.249518
0.249514
0.249503
0.249501
0.249498
0.249497
0.249495
0.249493
0.249488
0.249487
0.249485
0.249489
0.249482
0.249476
0.249474
0.249469
0.249467
0.249464
0.249462
0.249457
0.249454
0.249451
0.249447
0.249445
0.249440
0.249434
0.249430
0.249428
0.249425
0.249392
0.249389
0.249385
0.249382
0.249374
0.249367
0.249364
0.249362
0.249358
0.249354
0.249355
0.249350
0.249349
0.249344
0.249343
0.249340
0.249338
0.249336
0.249332
0.249330
0.249327
0.249322
0.249321
0.249319
0.249318
0.249316
0.249314
0.249310
0.249308
0.249305
0.249302
0.249299
0.249294
0.249292
0.249289
0.249288
0.249287
0.249286
0.249283
0.249281
0.249272
0.249269
0.249259
0.249256
0.249253
0.249252
0.249242
0.249237
0.249232
0.249229
0.249227
0.249223
0.249221
0.249219
0.249214
0.249211
0.249208
0.249206
0.249204
0.249200
0.249198
0.249194
0.249192
0.249189
0.249186
0.249180
0.249177
0.249175
0.249181
0.249178
0.249175
0.249174
0.249171
0.249170
0.249168
0.249165
0.249163
0.249161
0.249157
0.249155
0.249152
0.249150
0.249150
0.249146
0.249145
0.249142
0.249139
0.248695
0.248691
0.248687
0.248684
0.248679
0.248672
0.248671
0.248665
0.248662
0.248659
0.248663
0.248661
0.248658
0.248651
0.248649
0.248647
0.248645
0.248642
0.248637
0.248635
0.248633
0.248630
0.248628
0.248621
0.248618
0.248617
0.248614
0.248613
0.248610
0.248606
0.248604
0.248598
0.248592
0.248589
0.248584
0.248583
0.248579
0.248577
0.248575
0.248572
0.248571
0.248569
0.248566
0.248564
0.248560
0.248558
0.248550
0.248548
0.248545
0.248539
0.248536
0.248533
0.248532
0.248529
0.248526
0.248526
0.248523
0.248521
0.248518
0.248512
0.248504
0.248503
0.248498
0.248495
0.248491
0.248486
0.248481
0.248481
0.248479
0.248475
0.248470
0.248468
0.248463
0.248461
0.248453
0.248451
0.248447
0.248443
0.248441
0.248437
0.248436
0.248433
0.248429
0.248428
0.248423
0.248423
0.248422
0.248420
0.248418
0.248416
0.248415
0.248412
0.248410
0.248407
0.248378
0.248374
0.248372
0.248367
0.248361
0.248358
0.248363
0.248356
0.248353
0.248350
0.248349
0.248347
0.248334
0.248332
0.248330
0.248329
0.248326
0.248323
0.248322
0.248317
0.248315
0.248313
0.248309
0.248306
0.248303
0.248300
0.248296
0.248295
0.248294
0.248290
0.248279
0.248277
0.248275
0.248271
0.248268
0.248265
0.248263
0.248269
0.248264
0.248262
0.248261
0.248259
0.248257
0.248253
0.248249
0.248247
0.248245
0.248241
0.248238
0.248235
0.248229
0.248220
0.248217
0.248216
0.248213
0.248211
0.248209
0.248207
0.248204
0.248203
0.248200
0.248198
0.248195
0.248193
0.248190
0.248188
0.248180
0.248178
0.248180
0.248179
0.248176
0.248171
0.248170
0.248167
0.248166
0.248163
0.248161
0.248158
0.248156
0.248154
0.248152
0.248150
0.248147
0.248145
0.248146
0.248139
0.248136
0.248133
0.248129
0.248125
0.248121
0.248120
0.248118
0.248115
0.248108
0.248106
0.248103
0.248103
0.248101
0.248097
0.248092
0.248091
0.248087
0.248086
0.247971
0.247969
0.247965
0.247963
0.247959
0.247951
0.247949
0.247944
0.247941
0.247937
0.247936
0.247934
0.247934
0.247931
0.247927
0.247925
0.247923
0.247921
0.247919
0.247918
0.247916
0.247912
0.247909
0.247907
0.247902
0.247900
0.247898
0.247895
0.247899
0.247898
0.247895
0.247894
0.247891
0.247889
0.247886
0.247885
0.247881
0.247879
0.247876
0.247874
0.247873
0.247871
0.247868
0.247866
0.247864
0.247861
0.247860
0.247859
0.247856
0.247855
0.247852
0.247850
0.247849
0.247845
0.247840
0.247837
0.247827
0.247825
0.247824
0.247822
0.247826
0.247823
0.247821
0.247817
0.247815
0.247810
0.247804
0.247802
0.247799
0.247796
0.247790
0.247788
0.247784
0.247780
0.247777
0.247776
0.247776
0.247772
0.247767
0.247766
0.247762
0.247761
0.247755
0.247751
0.247749
0.247745
0.247743
0.247738
0.247738
0.247737
0.247734
0.247732
0.247735
0.247732
0.247730
0.247729
0.247721
0.247719
0.247716
0.247714
0.247709
0.247707
0.247706
0.247698
0.247695
0.247692
0.247689
0.247688
0.247686
0.247687
0.247684
0.247683
0.247677
0.247674
0.247643
0.247641
0.247634
0.247633
0.247630
0.247628
0.247625
0.247622
0.247620
0.247617
0.247613
0.247604
0.247599
0.247596
0.247590
0.247587
0.247580
0.247578
0.247571
0.247567
0.247565
0.247562
0.247560
0.247557
0.247555
0.247553
0.247551
0.247549
0.247550
0.247548
0.247546
0.247542
0.247541
0.247538
0.247536
0.247534
0.247532
0.247531
0.247528
0.247524
0.247522
0.247521
0.247519
0.247517
0.247524
0.247521
0.247517
0.247514
0.247513
0.247510
0.247504
0.247497
0.247488
0.247487
0.247484
0.247482
0.247479
0.247474
0.247471
0.247469
0.247467
0.247466
0.247456
0.247454
0.247453
0.247451
0.247446
0.247444
0.247440
0.247437
0.247434
0.247432
0.247430
0.247429
0.247426
0.247424
0.247422
0.247420
0.247424
0.247422
0.247419
0.247416
0.247415
0.247413
0.247410
0.247407
0.247404
0.247399
0.247398
0.247397
0.247390
0.247388
0.247387
0.247385
0.247383
0.247379
0.247376
0.247374
0.247373
0.247370
0.247366
0.247364
0.247358
0.247354
0.247352
0.247349
0.247342
0.247339
0.247337
0.247334
0.247331
0.247337
0.247335
0.247331
0.247330
0.247328
0.247325
0.247321
0.247319
0.247315
0.247313
0.247309
0.247307
0.247303
0.247302
0.247299
0.247297
0.247293
0.247292
0.247290
0.247287
0.247284
0.247282
0.247280
0.247277
0.247273
0.247271
0.247268
0.247266
0.247263
0.247263
0.247261
0.247259
0.247256
0.247254
0.247251
0.247246
0.247245
0.247240
0.247238
0.247231
0.247227
0.247226
0.247225
0.247224
0.247221
0.247219
0.247219
0.247217
0.247216
0.247212
0.247210
0.247208
0.247206
0.247204
0.247201
0.247199
0.247198
0.247196
0.247193
0.247191
0.247190
0.247188
0.247186
0.247182
0.247180
0.247177
0.247173
0.247169
0.247165
0.247171
0.247170
0.247167
0.247164
0.247163
0.247160
0.247157
0.247155
0.247153
0.247150
0.247142
0.247141
0.247138
0.247134
0.247127
0.247117
0.247113
0.247112
0.247111
0.247108
0.247106
0.247103
0.247103
0.247100
0.247098
0.247096
0.247095
0.247091
0.247089
0.247088
0.247084
0.247082
0.247079
0.247075
0.247073
0.247072
0.247077
0.247075
0.247070
0.247066
0.247065
0.247059
0.247056
0.247048
0.247046
0.247044
0.247040
0.247035
0.247026
0.247024
0.247020
0.247018
0.247015
0.247013
0.247012
0.247008
0.247005
0.247001
0.246995
0.246993
0.246989
0.246986
0.246985
0.246984
0.246981
0.246979
0.246977
0.246975
0.246969
0.246967
0.246962
0.246968
0.246964
0.246963
0.246961
0.246958
0.246955
0.246952
0.246950
0.246948
0.246947
0.246944
0.246942
0.246940
0.246939
0.246936
0.246933
0.246903
0.246901
0.246901
0.246899
0.246897
0.246894
0.246892
0.246890
0.246881
0.246878
0.246875
0.246872
0.246867
0.246865
0.246862
0.246860
0.246857
0.246855
0.246851
0.246850
0.246846
0.246843
0.246842
0.246839
0.246838
0.246835
0.246831
0.246828
0.246826
0.246823
0.246821
0.246819
0.246816
0.246812
0.246810
0.246808
0.246806
0.246793
0.246790
0.246788
0.246787
0.246785
0.246783
0.246781
0.246779
0.246777
0.246775
0.246772
0.246771
0.246769
0.246766
0.246763
0.246760
0.246758
0.246757
0.246754
0.246761
0.246759
0.246754
0.246753
0.246751
0.246745
0.246741
0.246739
0.246731
0.246730
0.246727
0.246723
0.246721
0.246719
0.246717
0.246715
0.246712
0.246709
0.246709
0.246707
0.246698
0.246695
0.246690
0.246684
0.246682
0.246680
0.246672
0.246670
0.246668
0.246665
0.246663
0.246659
0.246656
0.246654
0.246652
0.246649
0.246654
0.246650
0.246647
0.246643
0.246634
0.246633
0.246630
0.246627
0.246626
0.246624
0.246622
0.246619
0.246616
0.246611
0.246610
0.246607
0.246605
0.246603
0.246601
0.246600
0.246600
0.246598
0.246596
0.246591
0.246588
0.246585
0.246582
0.246581
0.246578
0.246573
0.246572
0.246569
0.246566
0.246563
0.246561
0.246559
0.246553
0.246556
0.246552
0.246549
0.246542
0.246540
0.246537
0.246531
0.246529
0.246526
0.246524
0.246520
0.246517
0.246514
0.246510
0.246507
0.246502
0.246499
0.246496
0.246496
0.246493
0.246491
0.246488
0.246485
0.246483
0.246481
0.246478
0.246474
0.246359
0.246358
0.246357
0.246354
0.246352
0.246348
0.246345
0.246344
0.246342
0.246341
0.246338
0.246337
0.246334
0.246333
0.246330
0.246326
0.246324
0.246320
0.246314
0.246312
0.246309
0.246306
0.246304
0.246301
0.246300
0.246294
0.246290
0.246287
0.246285
0.246283
0.246281
0.246278
0.246276
0.246273
0.246270
0.246267
0.246264
0.246261
0.246259
0.246257
0.246255
0.246251
0.246246
0.246244
0.246241
0.246238
0.246236
0.246241
0.246239
0.246233
0.246230
0.246229
0.246228
0.246226
0.246223
0.246220
0.246217
0.246216
0.246213
0.246211
0.246208
0.246205
0.246202
0.246198
0.246196
0.246194
0.246192
0.246190
0.246187
0.246183
0.246180
0.246177
0.246173
0.246170
0.246166
0.246163
0.246161
0.246159
0.246157
0.246154
0.246151
0.246148
0.246144
0.246143
0.246143
0.246139
0.246136
0.246133
0.246128
0.246126
0.246124
0.246122
0.246115
0.246113
0.246111
0.246107
0.246102
0.246099
0.246097
0.246095
0.246093
0.246090
0.246088
0.246081
0.246082
0.246079
0.246076
0.246072
0.246067
0.246065
0.246057
0.246054
0.246052
0.246050
0.246047
0.246045
0.246041
0.246038
0.246036
0.246033
0.246030
0.246027
0.246025
0.246030
0.246027
0.246026
0.246023
0.246020
0.246018
0.246014
0.246012
0.246009
0.246006
0.246004
0.246001
0.245998
0.245996
0.245995
0.245992
0.245989
0.245986
0.245984
0.245982
0.245979
0.245976
0.245973
0.245968
0.245966
0.245961
0.245958
0.245955
0.245952
0.245949
0.245945
0.245942
0.245940
0.245937
0.245933
0.245933
0.245930
0.245925
0.245923
0.245914
0.245912
0.245908
0.245906
0.245904
0.245900
0.245899
0.245897
0.245894
0.245892
0.245888
0.245886
0.245855
0.245854
0.245851
0.245847
0.245846
0.245843
0.245842
0.245838
0.245837
0.245834
0.245831
0.245830
0.245827
0.245822
0.245820
0.245817
0.245815
0.245812
0.245808
0.245806
0.245804
0.245801
0.245798
0.245795
0.245792
0.245796
0.245795
0.245793
0.245790
0.245786
0.245786
0.245784
0.245782
0.245780
0.245777
0.245773
0.245771
0.245768
0.245765
0.245762
0.245760
0.245755
0.245754
0.245751
0.245751
0.245748
0.245745
0.245742
0.245739
0.245739
0.245736
0.245731
0.245729
0.245724
0.245722
0.245719
0.245717
0.245715
0.245710
0.245704
0.245702
0.245698
0.245696
0.245700
0.245698
0.245695
0.245694
0.245690
0.245687
0.245684
0.245681
0.245676
0.245673
0.245671
0.245669
0.245665
0.245662
0.245659
0.245655
0.245653
0.245650
0.245647
0.245643
0.245641
0.245639
0.245636
0.245635
0.245631
0.245628
0.245627
0.245624
0.245621
0.245618
0.245616
0.245600
0.245597
0.245594
0.245591
0.245590
0.245588
0.245586
0.245583
0.245589
0.245587
0.245585
0.245582
0.245578
0.245576
0.245572
0.245569
0.245566
0.245563
0.245561
0.245558
0.245554
0.245551
0.245548
0.245545
0.245543
0.245540
0.245537
0.245534
0.245533
0.245530
0.245527
0.245525
0.245523
0.245519
0.245517
0.245515
0.245512
0.245510
0.245506
0.245503
0.245500
0.245496
0.245494
0.245492
0.245490
0.245486
0.245484
0.245482
0.245480
0.245476
0.245468
0.245466
0.245463
0.245461
0.245457
0.245455
0.245452
0.245447
0.245445
0.245443
0.245441
0.245438
0.245436
0.245433
0.245431
0.245429
0.245424
0.245423
0.245420
0.245418
0.245415
0.245412
0.245410
0.245408
0.245405
0.245403
0.245400
0.245397
0.245395
0.245393
0.245392
0.245390
0.245388
0.245385
0.245381
0.245378
0.245385
0.245382
0.245374
0.245373
0.245369
0.245367
0.245364
0.245362
0.245359
0.245356
0.245355
0.245353
0.245351
0.245348
0.244899
0.244898
0.244896
0.244895
0.244893
0.244890
0.244888
0.244883
0.244880
0.244878
0.244875
0.244872
0.244868
0.244866
0.244862
0.244861
0.244859
0.244851
0.244848
0.244845
0.244843
0.244841
0.244837
0.244835
0.244833
0.244831
0.244832
0.244830
0.244825
0.244823
0.244819
0.244816
0.244813
0.244810
0.244806
0.244804
0.244801
0.244799
0.244796
0.244793
0.244791
0.244788
0.244785
0.244782
0.244780
0.244778
0.244776
0.244774
0.244770
0.244766
0.244761
0.244758
0.244753
0.244751
0.244748
0.244745
0.244743
0.244740
0.244738
0.244735
0.244731
0.244729
0.244726
0.244723
0.244720
0.244725
0.244722
0.244720
0.244718
0.244716
0.244712
0.244709
0.244707
0.244704
0.244703
0.244701
0.244696
0.244693
0.244690
0.244688
0.244684
0.244681
0.244679
0.244677
0.244673
0.244674
0.244670
0.244668
0.244666
0.244663
0.244661
0.244655
0.244652
0.244648
0.244645
0.244642
0.244639
0.244635
0.244629
0.244625
0.244618
0.244615
0.244610
0.244606
0.244604
0.244594
0.244591
0.244588
0.244583
0.244578
0.244576
0.244574
0.244572
0.244569
0.244565
0.244562
0.244559
0.244557
0.244554
0.244552
0.244549
0.244548
0.244545
0.244543
0.244539
0.244538
0.244536
0.244533
0.244529
0.244527
0.244525
0.244522
0.244521
0.244518
0.244515
0.244513
0.244509
0.244507
0.244503
0.244500
0.244497
0.244494
0.244490
0.244486
0.244484
0.244490
0.244487
0.244484
0.244480
0.244478
0.244475
0.244473
0.244471
0.244468
0.244465
0.244462
0.244460
0.244456
0.244452
0.244450
0.244445
0.244442
0.244439
0.244437
0.244434
0.244433
0.244430
0.244426
0.244425
0.244420
0.244419
0.244417
0.244413
0.244410
0.244407
0.244405
0.244403
0.244400
0.244398
0.244395
0.244392
0.244387
0.244385
0.244382
0.244380
0.244384
0.244380
0.244378
0.244375
0.244372
0.244370
0.244366
0.244365
0.244362
0.244359
0.244358
0.244351
0.244348
0.244346
0.244341
0.244338
0.244337
0.244335
0.244333
0.244331
0.244330
0.244327
0.244324
0.244321
0.244312
0.244310
0.244307
0.244306
0.244303
0.244301
0.244299
0.244297
0.244266
0.244264
0.244262
0.244259
0.244256
0.244254
0.244251
0.244249
0.244254
0.244252
0.244249
0.244247
0.244243
0.244240
0.244238
0.244236
0.244233
0.244231
0.244228
0.244225
0.244222
0.244217
0.244215
0.244213
0.244209
0.244205
0.244205
0.244202
0.244201
0.244197
0.244195
0.244193
0.244190
0.244187
0.244184
0.244181
0.244178
0.244177
0.244175
0.244172
0.244169
0.244167
0.244164
0.244162
0.244158
0.244155
0.244154
0.244150
0.244147
0.244145
0.244142
0.244139
0.244136
0.244132
0.244130
0.244127
0.244125
0.244122
0.244118
0.244115
0.244111
0.244107
0.244102
0.244098
0.244096
0.244093
0.244090
0.244086
0.244083
0.244083
0.244080
0.244078
0.244076
0.244073
0.244070
0.244067
0.244065
0.244060
0.244057
0.244056
0.244052
0.244051
0.244049
0.244046
0.244043
0.244041
0.244037
0.244035
0.244033
0.244038
0.244035
0.244033
0.244031
0.244029
0.244026
0.244023
0.244021
0.244019
0.244016
0.244012
0.244009
0.244006
0.244002
0.244000
0.243996
0.243993
0.243988
0.243981
0.243978
0.243974
0.243974
0.243971
0.243968
0.243967
0.243963
0.243961
0.243956
0.243954
0.243944
0.243941
0.243940
0.243937
0.243935
0.243932
0.243929
0.243925
0.243923
0.243919
0.243917
0.243913
0.243916
0.243912
0.243910
0.243907
0.243904
0.243902
0.243899
0.243896
0.243893
0.243891
0.243888
0.243884
0.243882
0.243879
0.243875
0.243872
0.243870
0.243866
0.243861
0.243858
0.243855
0.243854
0.243851
0.243848
0.243844
0.243842
0.243838
0.243836
0.243835
0.243832
0.243830
0.243826
0.243824
0.243821
0.243818
0.243813
0.243811
0.243808
0.243806
0.243804
0.243802
0.243809
0.243805
0.243804
0.243803
0.243801
0.243799
0.243795
0.243791
0.243788
0.243785
0.243783
0.243779
0.243776
0.243773
0.243771
0.243767
0.243764
0.243762
0.243760
0.243757
0.243756
0.243756
0.243754
0.243751
0.243747
0.243744
0.243740
0.243738
0.243735
0.243732
0.243730
0.243727
0.243725
0.243722
0.243720
0.243716
0.243714
0.243712
0.243710
0.243708
0.243704
0.243701
0.243697
0.243696
0.243693
0.243691
0.243687
0.243684
0.243680
0.243677
0.243675
0.243670
0.243668
0.243666
0.243663
0.243661
0.243658
0.243655
0.243654
0.243652
0.243649
0.243646
0.243645
0.243643
0.243641
0.243638
0.243636
0.243633
0.243629
0.243627
0.243625
0.243623
0.243620
0.243618
0.243502
0.243499
0.243496
0.243493
0.243489
0.243486
0.243483
0.243479
0.243476
0.243482
0.243479
0.243477
0.243473
0.243470
0.243468
0.243465
0.243463
0.243459
0.243456
0.243453
0.243452
0.243450
0.243446
0.243442
0.243440
0.243438
0.243435
0.243432
0.243429
0.243428
0.243429
0.243426
0.243423
0.243420
0.243417
0.243414
0.243410
0.243406
0.243403
0.243400
0.243398
0.243395
0.243393
0.243390
0.243387
0.243385
0.243383
0.243381
0.243378
0.243375
0.243373
0.243378
0.243374
0.243371
0.243366
0.243362
0.243360
0.243358
0.243355
0.243352
0.243348
0.243346
0.243344
0.243342
0.243340
0.243334
0.243330
0.243326
0.243323
0.243321
0.243316
0.243313
0.243314
0.243310
0.243307
0.243306
0.243303
0.243301
0.243299
0.243298
0.243296
0.243293
0.243290
0.243285
0.243280
0.243278
0.243276
0.243272
0.243269
0.243265
0.243261
0.243259
0.243256
0.243264
0.243262
0.243259
0.243256
0.243252
0.243250
0.243246
0.243243
0.243240
0.243238
0.243235
0.243233
0.243232
0.243229
0.243225
0.243222
0.243218
0.243215
0.243213
0.243210
0.243207
0.243205
0.243204
0.243200
0.243198
0.243194
0.243191
0.243187
0.243184
0.243182
0.243180
0.243178
0.243173
0.243171
0.243168
0.243166
0.243165
0.243162
0.243157
0.243153
0.243149
0.243146
0.243144
0.243134
0.243132
0.243129
0.243126
0.243125
0.243123
0.243121
0.243118
0.243115
0.243112
0.243110
0.243108
0.243105
0.243103
0.243101
0.243098
0.243095
0.243091
0.243089
0.243086
0.243083
0.243078
0.243077
0.243074
0.243071
0.243069
0.243067
0.243064
0.243063
0.243056
0.243054
0.243052
0.243050
0.243046
0.243043
0.243041
0.243036
0.243035
0.243032
0.243030
0.243028
0.243026
0.243023
0.243019
0.243024
0.243020
0.243017
0.243014
0.243012
0.243009
0.243007
0.243002
0.242999
0.242997
0.242995
0.242993
0.242990
0.242988
0.242985
0.242982
0.242980
0.242977
0.242973
0.242970
0.242967
0.242964
0.242963
0.242959
0.242958
0.242955
0.242952
0.242950
0.242947
0.242943
0.242941
0.242940
0.242938
0.242936
0.242935
0.242932
0.242930
0.242927
0.242923
0.242921
0.242919
0.242917
0.242913
0.242911
0.242915
0.242914
0.242912
0.242907
0.242905
0.242902
0.242899
0.242897
0.242895
0.242892
0.242889
0.242887
0.242884
0.242881
0.242878
0.242875
0.242873
0.242870
0.242867
0.242865
0.242862
0.242860
0.242859
0.242856
0.242854
0.242851
0.242848
0.242846
0.242844
0.242842
0.242838
0.242837
0.242835
0.242834
0.242832
0.242829
0.242827
0.242825
0.242822
0.242819
0.242817
0.242816
0.242811
0.242808
0.242815
0.242813
0.242812
0.242811
0.242809
0.242804
0.242802
0.242799
0.242796
0.242794
0.242791
0.242789
0.242786
0.242782
0.242781
0.242778
0.242776
0.242774
0.242744
0.242740
0.242738
0.242735
0.242732
0.242731
0.242727
0.242724
0.242723
0.242721
0.242718
0.242716
0.242712
0.242710
0.242707
0.242706
0.242705
0.242702
0.242701
0.242699
0.242697
0.242695
0.242694
0.242691
0.242688
0.242686
0.242684
0.242681
0.242678
0.242676
0.242675
0.242672
0.242669
0.242667
0.242665
0.242662
0.242659
0.242655
0.242652
0.242648
0.242646
0.242645
0.242643
0.242641
0.242638
0.242635
0.242632
0.242630
0.242627
0.242626
0.242624
0.242622
0.242619
0.242615
0.242613
0.242611
0.242610
0.242608
0.242604
0.242601
0.242598
0.242596
0.242593
0.242591
0.242587
0.242585
0.242582
0.242579
0.242576
0.242574
0.242569
0.242566
0.242572
0.242569
0.242565
0.242563
0.242561
0.242560
0.242558
0.242553
0.242551
0.242547
0.242546
0.242543
0.242541
0.242538
0.242536
0.242533
0.242532
0.242529
0.242527
0.242523
0.242522
0.242520
0.242517
0.242516
0.242514
0.242514
0.242511
0.242509
0.242506
0.242504
0.242502
0.242501
0.242498
0.242496
0.242495
0.242493
0.242490
0.242485
0.242482
0.242480
0.242478
0.242476
0.242474
0.242473
0.242470
0.242473
0.242469
0.242467
0.242465
0.242463
0.242461
0.242458
0.242455
0.242451
0.242448
0.242444
0.242442
0.242438
0.242436
0.242433
0.242431
0.242429
0.242427
0.242424
0.242422
0.242420
0.242418
0.242415
0.242413
0.242412
0.242410
0.242410
0.242407
0.242404
0.242402
0.242399
0.242397
0.242396
0.242393
0.242390
0.242388
0.242385
0.242382
0.242380
0.242378
0.242376
0.242372
0.242369
0.242368
0.242366
0.242363
0.242361
0.242359
0.242357
0.242354
0.242353
0.242351
0.242347
0.242344
0.242342
0.242339
0.242336
0.242330
0.242327
0.242325
0.242322
0.242319
0.242317
0.242314
0.242313
0.242310
0.242308
0.242306
0.242304
0.242300
0.242297
0.242295
0.242293
0.242292
0.242289
0.242287
0.242285
0.242282
0.242279
0.242278
0.242275
0.242271
0.242270
0.242267
0.242264
0.242264
0.242261
0.242260
0.242257
0.242252
0.242250
0.242248
0.242246
0.242242
0.242239
0.242238
0.242236
0.242234
0.242232
0.242230
0.242226
0.242222
0.242219
0.242216
0.242214
0.242212
0.242210
0.242208
0.242206
0.242204
0.242203
0.242201
0.242198
0.242196
0.242195
0.242192
0.242190
0.242189
0.242187
0.242183
0.242181
0.242180
0.242177
0.242176
0.242169
0.242166
0.242166
0.242164
0.242162
0.242158
0.242156
0.242153
0.242149
0.242147
0.242145
0.242142
0.242140
0.242138
0.242135
0.242132
0.242129
0.242126
0.242124
0.242120
0.242117
0.242115
0.242122
0.242120
0.242117
0.242116
0.242113
0.242109
0.242107
0.242103
0.242100
0.242097
0.242095
0.242091
0.242088
0.242087
0.242086
0.242084
0.242082
0.242077
0.242076
0.242073
0.242071
0.242068
0.242066
0.242063
0.242059
0.242059
0.242058
0.242055
0.242052
0.242049
0.242047
0.242046
0.242044
0.242041
0.242038
0.242035
0.242034
0.242031
0.242030
0.242027
0.242025
0.242021
0.242018
0.242017
0.242016
0.242015
0.242012
0.242011
0.242010
0.242007
0.242010
0.242008
0.242005
0.242004
0.242001
0.241999
0.241998
0.241996
0.241994
0.241992
0.241989
0.241986
0.241983
0.241983
0.241978
0.241976
0.241974
0.241971
0.241970
0.241967
0.241965
0.241963
0.241963
0.241960
0.241959
0.241958
0.241956
0.241953
0.241950
0.241947
0.241943
0.241942
0.241938
0.241935
0.241932
0.241930
0.241929
0.241926
0.241925
0.241923
0.241919
0.241560
0.241557
0.241555
0.241554
0.241549
0.241547
0.241545
0.241543
0.241541
0.241538
0.241544
0.241542
0.241540
0.241538
0.241534
0.241531
0.241528
0.241526
0.241522
0.241520
0.241516
0.241514
0.241514
0.241512
0.241508
0.241505
0.241502
0.241499
0.241496
0.241494
0.241491
0.241489
0.241487
0.241484
0.241481
0.241480
0.241476
0.241474
0.241472
0.241471
0.241467
0.241464
0.241461
0.241460
0.241456
0.241453
0.241451
0.241449
0.241446
0.241442
0.241438
0.241436
0.241433
0.241431
0.241430
0.241429
0.241427
0.241424
0.241422
0.241419
0.241416
0.241414
0.241411
0.241409
0.241406
0.241404
0.241401
0.241398
0.241395
0.241393
0.241390
0.241386
0.241382
0.241381
0.241378
0.241375
0.241373
0.241371
0.241368
0.241364
0.241361
0.241358
0.241355
0.241352
0.241349
0.241348
0.241346
0.241344
0.241341
0.241339
0.241335
0.241333
0.241331
0.241329
0.241327
0.241325
0.241323
0.241319
0.241317
0.241313
0.241310
0.241305
0.241304
0.241303
0.241299
0.241297
0.241296
0.241294
0.241291
0.241289
0.241286
0.241292
0.241290
0.241288
0.241286
0.241283
0.241280
0.241278
0.241276
0.241274
0.241272
0.241269
0.241267
0.241266
0.241262
0.241260
0.241257
0.241255
0.241254
0.241251
0.241248
0.241246
0.241243
0.241240
0.241238
0.241235
0.241235
0.241233
0.241230
0.241227
0.241224
0.241222
0.241218
0.241216
0.241213
0.241211
0.241209
0.241207
0.241205
0.241205
0.241201
0.241200
0.241198
0.241196
0.241194
0.241192
0.241189
0.241186
0.241180
0.241178
0.241176
0.241172
0.241175
0.241172
0.241170
0.241165
0.241162
0.241159
0.241158
0.241155
0.241152
0.241150
0.241147
0.241144
0.241143
0.241141
0.241138
0.241136
0.241134
0.241131
0.241129
0.241127
0.241126
0.241124
0.241122
0.241121
0.241117
0.241114
0.241114
0.241112
0.241110
0.241109
0.241105
0.241103
0.241101
0.241098
0.241097
0.241094
0.241092
0.241090
0.241087
0.241085
0.241084
0.241082
0.241078
0.241076
0.241074
0.241065
0.241062
0.241060
0.241057
0.241055
0.241052
0.241051
0.241057
0.241055
0.241052
0.241050
0.241047
0.241044
0.241036
0.241034
0.241031
0.241027
0.241025
0.241021
0.241019
0.241018
0.241015
0.241012
0.241010
0.241007
0.241005
0.241003
0.241000
0.240997
0.240994
0.240990
0.240988
0.240985
0.240984
0.240982
0.240980
0.240978
0.240976
0.240974
0.240972
0.240970
0.240967
0.240965
0.240963
0.240962
0.240960
0.240958
0.240956
0.240954
0.240952
0.240950
0.240946
0.240944
0.240940
0.240939
0.240937
0.240934
0.240932
0.240929
0.240927
0.240925
0.240922
0.240920
0.240917
0.240915
0.240912
0.240911
0.240908
0.240904
0.240902
0.240899
0.240896
0.240894
0.240892
0.240890
0.240886
0.240885
0.240882
0.240880
0.240878
0.240878
