0.547439
0.547034
0.546642
0.546252
0.545853
0.545447
0.545045
0.544636
0.544192
0.543782
0.543369
0.542955
0.542431
0.542015
0.541616
0.541199
0.540773
0.540356
0.539934
0.539505
0.539088
0.538671
0.538251
0.537816
0.537370
0.536939
0.536511
0.536076
0.535643
0.535192
0.534747
0.534298
0.533854
0.533405
0.532967
0.532508
0.532058
0.531600
0.531141
0.530689
0.530237
0.529769
0.529270
0.528832
0.528368
0.527908
0.527450
0.526978
0.526524
0.526063
0.525592
0.525124
0.524664
0.524195
0.523741
0.523275
0.522807
0.522332
0.521865
0.521220
0.520760
0.520304
0.519847
0.519359
0.518888
0.518423
0.517950
0.517487
0.517020
0.516547
0.516085
0.515610
0.515135
0.514679
0.514213
0.513745
0.513281
0.512768
0.512312
0.511846
0.511377
0.510921
0.510452
0.509994
0.509535
0.509063
0.508591
0.508128
0.507672
0.507207
0.506746
0.506307
0.505854
0.505389
0.504600
0.504154
0.503703
0.503258
0.502806
0.502365
0.501919
0.501470
0.501019
0.500567
0.500118
0.499677
0.499241
0.498810
0.498369
0.497921
0.497473
0.497051
0.496574
0.496133
0.495703
0.495266
0.494847
0.494408
0.493987
0.493568
0.493136
0.492709
0.492274
0.491854
0.491429
0.491012
0.490591
0.490169
0.489751
0.489329
0.488907
0.488313
0.487905
0.487490
0.487097
0.486680
0.486277
0.485877
0.485459
0.485056
0.484642
0.484236
0.483823
0.483419
0.483029
0.482640
0.482244
0.481837
0.481442
0.481048
0.480606
0.480213
0.479822
0.479443
0.479063
0.478676
0.478290
0.477900
0.477522
0.477138
0.476737
0.476362
0.475996
0.475618
0.475244
0.474872
0.474492
0.474114
0.473748
0.473383
0.473003
0.472642
0.472271
0.471912
0.471554
0.471191
0.470834
0.470469
0.470102
0.469730
0.469371
0.469017
0.468661
0.468299
0.467939
0.467594
0.467238
0.466878
0.466538
0.466143
0.465786
0.465441
0.465097
0.464750
0.464412
0.464067
0.463730
0.463389
0.463048
0.462697
0.462365
0.462024
0.461683
0.461342
0.461015
0.460687
0.460350
0.460015
0.459471
0.459135
0.458813
0.458487
0.458155
0.457832
0.457507
0.457189
0.456881
0.456546
0.456213
0.455880
0.455568
0.455257
0.454932
0.454611
0.454295
0.453926
0.453618
0.453309
0.452998
0.452687
0.452370
0.452070
0.451763
0.451457
0.451144
0.450848
0.450549
0.450259
0.449957
0.449650
0.449350
0.449054
0.448757
0.448219
0.447927
0.447639
0.447354
0.447063
0.446760
0.446465
0.446170
0.445876
0.445571
0.445288
0.445003
0.444713
0.444428
0.444151
0.443867
0.443575
0.443240
0.442955
0.442674
0.442386
0.442107
0.441835
0.441557
0.441280
0.441001
0.440710
0.440446
0.440174
0.439901
0.439620
0.439343
0.439075
0.438806
0.438533
0.438044
0.437770
0.437503
0.437236
0.436965
0.436698
0.436437
0.436172
0.435893
0.435638
0.435357
0.435094
0.434829
0.434561
0.434310
0.434055
0.433800
0.433498
0.433248
0.432996
0.432744
0.432490
0.432232
0.431990
0.431729
0.431468
0.431206
0.430953
0.430709
0.430461
0.430206
0.429963
0.429716
0.429469
0.429234
0.428990
0.428739
0.428491
0.428258
0.428011
0.427772
0.427535
0.427295
0.427058
0.426807
0.426571
0.426325
0.426097
0.425860
0.425624
0.425387
0.425142
0.424922
0.424633
0.424401
0.424176
0.423946
0.423714
0.423485
0.423254
0.423026
0.422802
0.422565
0.422348
0.422104
0.421880
0.421660
0.421444
0.421216
0.420994
0.420777
0.420328
0.420106
0.419886
0.419669
0.419455
0.419230
0.419010
0.418797
0.418583
0.418363
0.418147
0.417935
0.417727
0.417508
0.417289
0.417071
0.416860
0.416643
0.416376
0.416154
0.415943
0.415741
0.415535
0.415328
0.415126
0.414915
0.414715
0.414502
0.414286
0.414080
0.413872
0.413671
0.413475
0.413270
0.413072
0.412874
0.412674
0.412325
0.412121
0.411912
0.411711
0.411511
0.411313
0.411107
0.410912
0.410716
0.410519
0.410304
0.410114
0.409924
0.409735
0.409544
0.409356
0.409158
0.408975
0.408794
0.408533
0.408340
0.408160
0.407973
0.407788
0.407597
0.407404
0.407219
0.407030
0.406853
0.406648
0.406470
0.406290
0.406113
0.405929
0.405737
0.405550
0.405374
0.405187
0.404760
0.404577
0.404392
0.404218
0.404038
0.403860
0.403673
0.403502
0.403322
0.403146
0.402956
0.402784
0.402612
0.402431
0.402258
0.402083
0.401907
0.401729
0.401561
0.401386
0.401150
0.400980
0.400806
0.400629
0.400459
0.400289
0.400123
0.399961
0.399786
0.399612
0.399436
0.399263
0.399096
0.398928
0.398759
0.398597
0.398428
0.398262
0.398101
0.397937
0.397773
0.397610
0.397432
0.397275
0.397129
0.396964
0.396804
0.396641
0.396479
0.396320
0.396143
0.395987
0.395830
0.395664
0.395509
0.395348
0.395184
0.395023
0.394858
0.394700
0.394481
0.394322
0.394162
0.394009
0.393856
0.393692
0.393543
0.393392
0.393246
0.393094
0.392930
0.392775
0.392631
0.392475
0.392322
0.392169
0.392022
0.391867
0.391716
0.391570
0.391169
0.391017
0.390869
0.390709
0.390560
0.390395
0.390244
0.390095
0.389954
0.389810
0.389650
0.389507
0.389356
0.389215
0.389065
0.388909
0.388766
0.388625
0.388480
0.388341
0.388198
0.387995
0.387849
0.387690
0.387549
0.387409
0.387270
0.387129
0.386993
0.386858
0.386718
0.386566
0.386430
0.386288
0.386148
0.386010
0.385864
0.385728
0.385593
0.385446
0.385303
0.385076
0.384946
0.384808
0.384703
0.384560
0.384423
0.384281
0.384141
0.384006
0.383877
0.383748
0.383605
0.383469
0.383336
0.383197
0.383067
0.382924
0.382793
0.382666
0.382534
0.382409
0.382214
0.382084
0.381960
0.381832
0.381698
0.381567
0.381435
0.381312
0.381176
0.381051
0.380924
0.380783
0.380659
0.380532
0.380406
0.380280
0.380147
0.380021
0.379889
0.379767
0.379638
0.379512
0.379136
0.379017
0.378885
0.378763
0.378645
0.378524
0.378403
0.378284
0.378159
0.378034
0.377906
0.377788
0.377667
0.377545
0.377425
0.377300
0.377174
0.377057
0.376937
0.376812
0.376694
0.376509
0.376396
0.376278
0.376157
0.376038
0.375914
0.375786
0.375668
0.375551
0.375424
0.375309
0.375176
0.375060
0.374945
0.374834
0.374710
0.374587
0.374466
0.374351
0.374234
0.374122
0.374011
0.373896
0.373770
0.373658
0.373543
0.373429
0.373305
0.373190
0.373081
0.372966
0.372851
0.372737
0.372609
0.372504
0.372392
0.372281
0.372171
0.372056
0.371986
0.371879
0.371761
0.371652
0.371540
0.371359
0.371255
0.371150
0.371041
0.370920
0.370808
0.370706
0.370600
0.370495
0.370386
0.370280
0.370159
0.370052
0.369945
0.369832
0.369718
0.369613
0.369497
0.369395
0.369285
0.369186
0.369074
0.368700
0.368599
0.368492
0.368380
0.368275
0.368169
0.368063
0.367959
0.367848
0.367737
0.367633
0.367507
0.367404
0.367305
0.367206
0.367102
0.366995
0.366887
0.366780
0.366681
0.366581
0.366472
0.366371
0.366207
0.366113
0.366006
0.365905
0.365799
0.365700
0.365597
0.365496
0.365397
0.365300
0.365197
0.365085
0.364980
0.364883
0.364785
0.364689
0.364590
0.364484
0.364389
0.364294
0.364193
0.364088
0.363965
0.363871
0.363768
0.363678
0.363579
0.363482
0.363393
0.363300
0.363195
0.363098
0.362997
0.362907
0.362794
0.362699
0.362603
0.362507
0.362414
0.362316
0.362222
0.362131
0.362040
0.361944
0.361850
0.361689
0.361592
0.361499
0.361398
0.361303
0.361209
0.361105
0.361011
0.360910
0.360870
0.360779
0.360694
0.360582
0.360488
0.360396
0.360301
0.360210
0.360110
0.360011
0.359926
0.359834
0.359741
0.359645
0.359559
0.359202
0.359105
0.359012
0.358925
0.358837
0.358745
0.358644
0.358556
0.358466
0.358384
0.358294
0.358192
0.358115
0.358025
0.357939
0.357854
0.357763
0.357670
0.357583
0.357498
0.357411
0.357328
0.357241
0.357087
0.356995
0.356909
0.356822
0.356733
0.356647
0.356557
0.356469
0.356383
0.356300
0.356212
0.356126
0.356024
0.355934
0.355835
0.355748
0.355665
0.355587
0.355494
0.355411
0.355324
0.355235
0.355150
0.355069
0.354980
0.354891
0.354802
0.354722
0.354647
0.354564
0.354476
0.354391
0.354307
0.354221
0.354133
0.354050
0.353950
0.353867
0.353790
0.353708
0.353627
0.353544
0.353475
0.353394
0.353312
0.353221
0.353140
0.353060
0.352911
0.352830
0.352746
0.352666
0.352576
0.352494
0.352410
0.352338
0.352252
0.352172
0.352088
0.352011
0.351909
0.351830
0.351753
0.351665
0.351584
0.351505
0.351428
0.351349
0.351274
0.351231
0.351150
0.351066
0.350719
0.350637
0.350558
0.350481
0.350400
0.350317
0.350237
0.350158
0.350075
0.349994
0.349919
0.349844
0.349748
0.349673
0.349597
0.349519
0.349443
0.349367
0.349286
0.349211
0.349137
0.349062
0.348988
0.348912
0.348849
0.348699
0.348615
0.348538
0.348462
0.348389
0.348315
0.348229
0.348154
0.348082
0.348004
0.347932
0.347860
0.347765
0.347691
0.347614
0.347539
0.347464
0.347389
0.347311
0.347231
0.347151
0.347077
0.347002
0.346929
0.346855
0.346782
0.346710
0.346632
0.346563
0.346491
0.346424
0.346346
0.346279
0.346209
0.346135
0.346061
0.345988
0.345894
0.345821
0.345749
0.345675
0.345598
0.345528
0.345447
0.345371
0.345297
0.345223
0.345154
0.345079
0.345004
0.344866
0.344796
0.344727
0.344660
0.344610
0.344532
0.344459
0.344386
0.344321
0.344247
0.344176
0.344110
0.344026
0.343953
0.343885
0.343810
0.343738
0.343657
0.343597
0.343516
0.343448
0.343381
0.343317
0.343246
0.343177
0.342847
0.342771
0.342701
0.342633
0.342559
0.342488
0.342420
0.342420
0.342347
0.342283
0.342213
0.342146
0.342072
0.341983
0.341916
0.341839
0.341770
0.341702
0.341637
0.341569
0.341508
0.341441
0.341371
0.341304
0.341241
0.341106
0.341043
0.340974
0.340910
0.340843
0.340781
0.340715
0.340648
0.340584
0.340512
0.340464
0.340389
0.340330
0.340249
0.340185
0.340119
0.340053
0.339992
0.339928
0.339861
0.339789
0.339721
0.339646
0.339578
0.339519
0.339458
0.339391
0.339330
0.339269
0.339200
0.339136
0.339076
0.339008
0.338938
0.338872
0.338806
0.338742
0.338679
0.338619
0.338541
0.338474
0.338416
0.338349
0.338282
0.338212
0.338154
0.338083
0.338018
0.337954
0.337895
0.337837
0.337773
0.337715
0.337572
0.337509
0.337448
0.337379
0.337322
0.337254
0.337189
0.337127
0.337066
0.337005
0.336943
0.336881
0.336816
0.336758
0.336698
0.336636
0.336566
0.336503
0.336443
0.336376
0.336320
0.336221
0.336161
0.336102
0.336040
0.335983
0.335660
0.335605
0.335546
0.335481
0.335421
0.335365
0.335306
0.335232
0.335170
0.335110
0.335052
0.334993
0.334938
0.334878
0.334806
0.334744
0.334756
0.334697
0.334635
0.334573
0.334514
0.334456
0.334394
0.334338
0.334285
0.334223
0.334166
0.334030
0.333972
0.333910
0.333854
0.333793
0.333730
0.333670
0.333602
0.333547
0.333493
0.333437
0.333384
0.333330
0.333248
0.333188
0.333125
0.333068
0.333006
0.332969
0.332911
0.332853
0.332799
0.332737
0.332685
0.332627
0.332562
0.332508
0.332450
0.332386
0.332330
0.332277
0.332222
0.332172
0.332111
0.332053
0.331992
0.331938
0.331880
0.331820
0.331757
0.331702
0.331626
0.331566
0.331511
0.331455
0.331402
0.331346
0.331292
0.331229
0.331170
0.331115
0.331055
0.330995
0.330939
0.330882
0.330752
0.330700
0.330649
0.330601
0.330538
0.330485
0.330430
0.330372
0.330319
0.330266
0.330205
0.330154
0.330102
0.330035
0.329984
0.329925
0.329876
0.329818
0.329766
0.329715
0.329650
0.329617
0.329567
0.329516
0.329463
0.329410
0.329362
0.329058
0.329003
0.328948
0.328891
0.328834
0.328783
0.328736
0.328675
0.328624
0.328577
0.328524
0.328470
0.328414
0.328363
0.328290
0.328241
0.328192
0.328134
0.328080
0.328029
0.327975
0.327920
0.327868
0.327818
0.327837
0.327781
0.327733
0.327679
0.327629
0.327494
0.327443
0.327397
0.327345
0.327293
0.327241
0.327182
0.327128
0.327078
0.327035
0.326977
0.326926
0.326872
0.326812
0.326745
0.326698
0.326646
0.326595
0.326547
0.326494
0.326443
0.326383
0.326331
0.326273
0.326246
0.326191
0.326140
0.326094
0.326044
0.325997
0.325945
0.325894
0.325841
0.325788
0.325741
0.325684
0.325636
0.325581
0.325526
0.325475
0.325428
0.325381
0.325313
0.325264
0.325211
0.325165
0.325120
0.325072
0.325025
0.324972
0.324918
0.324868
0.324819
0.324767
0.324716
0.324667
0.324618
0.324495
0.324444
0.324392
0.324339
0.324289
0.324244
0.324198
0.324142
0.324093
0.324041
0.323990
0.323943
0.323902
0.323859
0.323794
0.323741
0.323694
0.323646
0.323596
0.323550
0.323504
0.323461
0.323407
0.323356
0.323272
0.323223
0.323175
0.323150
0.323105
0.322806
0.322761
0.322712
0.322659
0.322615
0.322567
0.322523
0.322473
0.322427
0.322380
0.322339
0.322292
0.322241
0.322201
0.322154
0.322088
0.322039
0.321991
0.321943
0.321895
0.321848
0.321801
0.321745
0.321700
0.321655
0.321605
0.321555
0.321510
0.321465
0.321413
0.321367
0.321324
0.321278
0.321235
0.321187
0.321139
0.321093
0.321041
0.320992
0.320953
0.320904
0.320857
0.320818
0.320775
0.320721
0.320676
0.320628
0.320583
0.320534
0.320487
0.320441
0.320383
0.320334
0.320287
0.320244
0.320187
0.320144
0.320102
0.320058
0.320038
0.319993
0.319948
0.319900
0.319847
0.319799
0.319758
0.319709
0.319663
0.319615
0.319570
0.319531
0.319489
0.319444
0.319397
0.319332
0.319293
0.319251
0.319205
0.319162
0.319117
0.319072
0.319031
0.318980
0.318934
0.318892
0.318851
0.318803
0.318763
0.318720
0.318670
0.318551
0.318508
0.318465
0.318417
0.318376
0.318329
0.318291
0.318240
0.318197
0.318159
0.318116
0.318076
0.318035
0.317991
0.317951
0.317887
0.317851
0.317806
0.317756
0.317711
0.317666
0.317623
0.317583
0.317531
0.317491
0.317451
0.317410
0.317369
0.317321
0.317277
0.316992
0.316969
0.316926
0.316887
0.316846
0.316806
0.316763
0.316724
0.316675
0.316633
0.316591
0.316546
0.316503
0.316460
0.316422
0.316382
0.316319
0.316283
0.316241
0.316198
0.316156
0.316113
0.316071
0.316029
0.315978
0.315934
0.315887
0.315850
0.315805
0.315764
0.315722
0.315602
0.315558
0.315594
0.315556
0.315508
0.315469
0.315428
0.315389
0.315345
0.315302
0.315264
0.315225
0.315182
0.315142
0.315104
0.315065
0.315004
0.314963
0.314925
0.314883
0.314843
0.314798
0.314755
0.314715
0.314665
0.314626
0.314591
0.314550
0.314504
0.314451
0.314411
0.314369
0.314328
0.314290
0.314270
0.314232
0.314193
0.314155
0.314117
0.314079
0.314031
0.313996
0.313952
0.313906
0.313864
0.313823
0.313781
0.313741
0.313681
0.313643
0.313613
0.313576
0.313535
0.313501
0.313467
0.313428
0.313385
0.313343
0.313306
0.313262
0.313224
0.313183
0.313146
0.313111
0.312989
0.312950
0.312911
0.312872
0.312831
0.312797
0.312757
0.312713
0.312670
0.312633
0.312590
0.312548
0.312507
0.312473
0.312431
0.312389
0.312330
0.312292
0.312264
0.312229
0.312191
0.312154
0.312118
0.312084
0.312041
0.312002
0.311963
0.311927
0.311889
0.311848
0.311782
0.311747
0.311714
0.311439
0.311428
0.311391
0.311355
0.311312
0.311273
0.311233
0.311196
0.311146
0.311107
0.311068
0.311029
0.310992
0.310954
0.310916
0.310878
0.310824
0.310791
0.310753
0.310718
0.310680
0.310641
0.310604
0.310567
0.310526
0.310488
0.310455
0.310419
0.310383
0.310349
0.310313
0.310274
0.310157
0.310125
0.310161
0.310125
0.310090
0.310053
0.310018
0.309981
0.309948
0.309905
0.309873
0.309834
0.309797
0.309760
0.309728
0.309692
0.309651
0.309598
0.309565
0.309524
0.309485
0.309449
0.309414
0.309381
0.309344
0.309296
0.309263
0.309230
0.309194
0.309163
0.309123
0.309084
0.309039
0.309003
0.308967
0.308957
0.308918
0.308880
0.308846
0.308808
0.308767
0.308730
0.308686
0.308653
0.308620
0.308580
0.308546
0.308509
0.308478
0.308443
0.308408
0.308358
0.308322
0.308292
0.308257
0.308223
0.308186
0.308149
0.308115
0.308074
0.308037
0.308003
0.307969
0.307934
0.307894
0.307857
0.307821
0.307788
0.307668
0.307631
0.307600
0.307564
0.307533
0.307496
0.307462
0.307428
0.307387
0.307352
0.307318
0.307281
0.307243
0.307205
0.307170
0.307133
0.307099
0.307051
0.307018
0.306984
0.306952
0.306922
0.306891
0.306858
0.306825
0.306796
0.306755
0.306722
0.306686
0.306653
0.306615
0.306584
0.306549
0.306535
0.306271
0.306236
0.306203
0.306170
0.306138
0.306103
0.306072
0.306041
0.306008
0.305973
0.305936
0.305903
0.305873
0.305835
0.305804
0.305764
0.305739
0.305704
0.305647
0.305614
0.305583
0.305553
0.305520
0.305486
0.305450
0.305417
0.305379
0.305346
0.305320
0.305283
0.305251
0.305215
0.305182
0.305210
0.305177
0.305066
0.305030
0.305001
0.304972
0.304940
0.304906
0.304874
0.304843
0.304812
0.304775
0.304743
0.304707
0.304680
0.304648
0.304613
0.304581
0.304555
0.304517
0.304465
0.304434
0.304403
0.304371
0.304339
0.304309
0.304279
0.304246
0.304213
0.304175
0.304144
0.304115
0.304084
0.304044
0.304014
0.304005
0.303974
0.303943
0.303910
0.303869
0.303835
0.303803
0.303770
0.303734
0.303702
0.303667
0.303639
0.303604
0.303567
0.303531
0.303498
0.303466
0.303442
0.303410
0.303380
0.303350
0.303297
0.303266
0.303235
0.303204
0.303170
0.303136
0.303105
0.303077
0.303042
0.303004
0.302970
0.302938
0.302907
0.302874
0.302841
0.302808
0.302778
0.302743
0.302629
0.302598
0.302570
0.302537
0.302507
0.302472
0.302433
0.302398
0.302362
0.302322
0.302291
0.302258
0.302228
0.302204
0.302172
0.302139
0.302105
0.302072
0.302021
0.301994
0.301964
0.301931
0.301905
0.301868
0.301839
0.301806
0.301778
0.301750
0.301710
0.301676
0.301644
0.301634
0.301599
0.301570
0.301537
0.301507
0.301477
0.301221
0.301191
0.301159
0.301105
0.301072
0.301041
0.301015
0.300981
0.300949
0.300914
0.300885
0.300855
0.300830
0.300802
0.300768
0.300736
0.300707
0.300679
0.300646
0.300596
0.300565
0.300530
0.300501
0.300473
0.300443
0.300414
0.300384
0.300351
0.300315
0.300337
0.300308
0.300279
0.300251
0.300220
0.300190
0.300164
0.300135
0.300025
0.300000
0.299972
0.299935
0.299898
0.299867
0.299838
0.299808
0.299776
0.299742
0.299719
0.299691
0.299659
0.299627
0.299598
0.299569
0.299538
0.299507
0.299476
0.299427
0.299401
0.299370
0.299341
0.299312
0.299278
0.299246
0.299215
0.299185
0.299178
0.299142
0.299111
0.299080
0.299043
0.299014
0.298986
0.298955
0.298925
0.298894
0.298865
0.298835
0.298809
0.298780
0.298750
0.298713
0.298680
0.298651
0.298617
0.298592
0.298553
0.298520
0.298491
0.298466
0.298433
0.298399
0.298369
0.298339
0.298309
0.298275
0.298227
0.298196
0.298166
0.298137
0.298108
0.298073
0.298044
0.298014
0.297987
0.297956
0.297920
0.297892
0.297860
0.297825
0.297790
0.297759
0.297729
0.297698
0.297672
0.297642
0.297526
0.297496
0.297467
0.297440
0.297408
0.297378
0.297346
0.297310
0.297275
0.297242
0.297209
0.297178
0.297144
0.297117
0.297085
0.297055
0.297026
0.296996
0.296964
0.296909
0.296884
0.296855
0.296825
0.296796
0.296784
0.296750
0.296718
0.296689
0.296659
0.296626
0.296597
0.296566
0.296535
0.296508
0.296475
0.296442
0.296410
0.296379
0.296350
0.296101
0.296068
0.296038
0.296008
0.295979
0.295945
0.295911
0.295880
0.295849
0.295818
0.295782
0.295749
0.295718
0.295685
0.295654
0.295626
0.295596
0.295564
0.295528
0.295497
0.295446
0.295416
0.295431
0.295396
0.295364
0.295335
0.295302
0.295272
0.295242
0.295211
0.295180
0.295146
0.295115
0.295084
0.295053
0.295022
0.294988
0.294954
0.294922
0.294891
0.294858
0.294746
0.294712
0.294679
0.294651
0.294622
0.294590
0.294558
0.294518
0.294489
0.294458
0.294422
0.294392
0.294358
0.294328
0.294297
0.294265
0.294233
0.294196
0.294182
0.294146
0.294094
0.294062
0.294026
0.293990
0.293960
0.293931
0.293896
0.293866
0.293832
0.293798
0.293765
0.293729
0.293696
0.293661
0.293630
0.293594
0.293563
0.293534
0.293496
0.293460
0.293425
0.293391
0.293355
0.293317
0.293286
0.293253
0.293217
0.293187
0.293154
0.293114
0.293074
0.293040
0.293004
0.292971
0.292937
0.292900
0.292872
0.292835
0.292804
0.292770
0.292733
0.292699
0.292645
0.292608
0.292572
0.292531
0.292502
0.292467
0.292432
0.292397
0.292360
0.292324
0.292290
0.292250
0.292215
0.292183
0.292147
0.292110
0.292071
0.292032
0.291994
0.291958
0.291923
0.291802
0.291767
0.291730
0.291700
0.291662
0.291622
0.291586
0.291550
0.291511
0.291472
0.291437
0.291410
0.291368
0.291334
0.291299
0.291257
0.291218
0.291183
0.291140
0.291100
0.291060
0.291020
0.290965
0.290928
0.290891
0.290856
0.290820
0.290783
0.290740
0.290698
0.290662
0.290624
0.290579
0.290538
0.290496
0.290458
0.290424
0.290388
0.290347
0.290314
0.290272
0.290234
0.290195
0.289945
0.289908
0.289867
0.289827
0.289790
0.289746
0.289732
0.289688
0.289636
0.289597
0.289557
0.289515
0.289471
0.289436
0.289394
0.289354
0.289308
0.289258
0.289219
0.289177
0.289136
0.289096
0.289038
0.288997
0.288956
0.288910
0.288867
0.288826
0.288786
0.288744
0.288702
0.288657
0.288618
0.288569
0.288527
0.288480
0.288433
0.288391
0.288347
0.288308
0.288260
0.288215
0.288175
0.288130
0.288008
0.287963
0.287921
0.287881
0.287837
0.287793
0.287751
0.287704
0.287665
0.287623
0.287580
0.287537
0.287496
0.287449
0.287407
0.287361
0.287315
0.287269
0.287224
0.287179
0.287134
0.287087
0.287023
0.286973
0.286930
0.286886
0.286841
0.286795
0.286750
0.286702
0.286659
0.286611
0.286566
0.286521
0.286467
0.286420
0.286373
0.286328
0.286283
0.286239
0.286197
0.286152
0.286105
0.286056
0.286005
0.285960
0.285917
0.285868
0.285822
0.285778
0.285725
0.285677
0.285634
0.285584
0.285536
0.285490
0.285432
0.285386
0.285340
0.285290
0.285245
0.285198
0.285142
0.285090
0.285042
0.284995
0.284948
0.284900
0.284831
0.284781
0.284736
0.284685
0.284638
0.284583
0.284534
0.284484
0.284435
0.284385
0.284336
0.284283
0.284233
0.284183
0.284135
0.284087
0.284035
0.283984
0.283938
0.283886
0.283839
0.283789
0.283653
0.283605
0.283551
0.283498
0.283448
0.283398
0.283348
0.283294
0.283240
0.283185
0.283137
0.283088
0.283034
0.282985
0.282930
0.282877
0.282826
0.282772
0.282719
0.282670
0.282621
0.282566
0.282515
0.282447
0.282397
0.282350
0.282301
0.282249
0.282194
0.282139
0.282093
0.282044
0.281990
0.281936
0.281882
0.281826
0.281772
0.281718
0.281668
0.281612
0.281564
0.281510
0.281455
0.281403
0.281352
0.281303
0.281255
0.280997
0.280948
0.280896
0.280848
0.280796
0.280745
0.280695
0.280644
0.280591
0.280539
0.280488
0.280436
0.280388
0.280342
0.280288
0.280236
0.280184
0.280131
0.280079
0.280032
0.279982
0.279931
0.279880
0.279808
0.279758
0.279705
0.279653
0.279605
0.279551
0.279502
0.279454
0.279410
0.279360
0.279313
0.279262
0.279201
0.279153
0.279103
0.279053
0.279006
0.278954
0.278901
0.278849
0.278797
0.278750
0.278700
0.278652
0.278508
0.278463
0.278413
0.278363
0.278312
0.278261
0.278211
0.278161
0.278116
0.278069
0.278017
0.277970
0.277919
0.277869
0.277821
0.277774
0.277729
0.277681
0.277633
0.277585
0.277540
0.277495
0.277447
0.277401
0.277337
0.277289
0.277248
0.277202
0.277154
0.277106
0.277056
0.277009
0.276964
0.276922
0.276874
0.276827
0.276775
0.276728
0.276682
0.276636
0.276586
0.276538
0.276493
0.276450
0.276408
0.276362
0.276320
0.276273
0.276230
0.276187
0.276144
0.276097
0.276053
0.276009
0.275966
0.275921
0.275880
0.275835
0.275790
0.275750
0.275698
0.275653
0.275612
0.275568
0.275525
0.275481
0.275437
0.275398
0.275356
0.275316
0.275274
0.275232
0.275171
0.275130
0.275091
0.275048
0.275009
0.274969
0.274929
0.274889
0.274851
0.274810
0.274771
0.274731
0.274690
0.274643
0.274604
0.274566
0.274524
0.274484
0.274442
0.274404
0.274366
0.274327
0.274282
0.274240
0.274199
0.274069
0.274030
0.273990
0.273951
0.273914
0.273878
0.273835
0.273795
0.273755
0.273722
0.273683
0.273645
0.273603
0.273565
0.273527
0.273491
0.273449
0.273412
0.273375
0.273336
0.273298
0.273263
0.273227
0.273190
0.273146
0.273090
0.273051
0.273013
0.272976
0.272944
0.272910
0.272873
0.272838
0.272804
0.272770
0.272737
0.272701
0.272665
0.272623
0.272588
0.272556
0.272520
0.272486
0.272449
0.272412
0.272380
0.272348
0.272314
0.272277
0.272238
0.272207
0.271982
0.271950
0.271911
0.271876
0.271842
0.271810
0.271768
0.271736
0.271702
0.271669
0.271636
0.271601
0.271562
0.271530
0.271498
0.271463
0.271429
0.271395
0.271363
0.271330
0.271297
0.271267
0.271231
0.271193
0.271159
0.271106
0.271072
0.271042
0.271010
0.270980
0.270947
0.270914
0.270880
0.270845
0.270816
0.270785
0.270755
0.270723
0.270684
0.270656
0.270625
0.270592
0.270560
0.270533
0.270502
0.270470
0.270438
0.270406
0.270376
0.270344
0.270310
0.270188
0.270158
0.270129
0.270099
0.270069
0.270040
0.270009
0.269974
0.269945
0.269914
0.269886
0.269855
0.269830
0.269793
0.269763
0.269732
0.269704
0.269674
0.269649
0.269619
0.269587
0.269559
0.269530
0.269499
0.269469
0.269441
0.269392
0.269366
0.269341
0.269316
0.269284
0.269255
0.269230
0.269202
0.269173
0.269143
0.269116
0.269090
0.269065
0.269035
0.269004
0.268976
0.268948
0.268922
0.268897
0.268867
0.268839
0.268812
0.268786
0.268759
0.268733
0.268699
0.268668
0.268642
0.268620
0.268596
0.268569
0.268543
0.268518
0.268491
0.268461
0.268433
0.268407
0.268384
0.268358
0.268334
0.268306
0.268278
0.268255
0.268232
0.268204
0.268176
0.268148
0.268123
0.268103
0.268078
0.268054
0.268028
0.268007
0.267982
0.267937
0.267914
0.267890
0.267866
0.267840
0.267816
0.267793
0.267766
0.267741
0.267716
0.267691
0.267668
0.267645
0.267617
0.267593
0.267568
0.267543
0.267520
0.267501
0.267477
0.267452
0.267428
0.267407
0.267383
0.267360
0.267336
0.267313
0.267197
0.267176
0.267151
0.267128
0.267107
0.267083
0.267056
0.267031
0.267009
0.266988
0.266965
0.266944
0.266921
0.266896
0.266871
0.266846
0.266821
0.266798
0.266776
0.266753
0.266733
0.266710
0.266691
0.266665
0.266642
0.266622
0.266601
0.266581
0.266539
0.266515
0.266491
0.266469
0.266449
0.266428
0.266408
0.266387
0.266363
0.266344
0.266320
0.266297
0.266274
0.266255
0.266229
0.266207
0.266186
0.266166
0.266146
0.266127
0.266106
0.266083
0.266064
0.266043
0.266018
0.265999
0.265979
0.265957
0.265750
0.265730
0.265707
0.265687
0.265669
0.265649
0.265626
0.265602
0.265580
0.265558
0.265537
0.265519
0.265497
0.265478
0.265449
0.265430
0.265416
0.265395
0.265374
0.265355
0.265334
0.265314
0.265295
0.265275
0.265252
0.265234
0.265214
0.265194
0.265150
0.265135
0.265113
0.265096
0.265074
0.265053
0.265035
0.265015
0.264998
0.264978
0.264959
0.264938
0.264918
0.264896
0.264868
0.264850
0.264831
0.264811
0.264791
0.264774
0.264752
0.264733
0.264713
0.264695
0.264679
0.264659
0.264638
0.264618
0.264599
0.264493
0.264476
0.264456
0.264438
0.264422
0.264401
0.264383
0.264360
0.264343
0.264329
0.264309
0.264288
0.264271
0.264253
0.264232
0.264214
0.264195
0.264177
0.264160
0.264143
0.264126
0.264112
0.264093
0.264077
0.264058
0.264041
0.264020
0.264002
0.263983
0.263946
0.263931
0.263912
0.263894
0.263875
0.263857
0.263842
0.263823
0.263801
0.263785
0.263766
0.263750
0.263729
0.263714
0.263700
0.263676
0.263654
0.263636
0.263619
0.263602
0.263584
0.263568
0.263550
0.263533
0.263518
0.263501
0.263482
0.263466
0.263451
0.263436
0.263421
0.263405
0.263390
0.263371
0.263356
0.263342
0.263326
0.263307
0.263290
0.263273
0.263253
0.263240
0.263223
0.263210
0.263195
0.263175
0.263156
0.263138
0.263121
0.263105
0.263090
0.263072
0.263054
0.263033
0.263018
0.263002
0.262987
0.262973
0.262959
0.262943
0.262911
0.262895
0.262881
0.262868
0.262852
0.262835
0.262821
0.262804
0.262789
0.262775
0.262759
0.262746
0.262730
0.262716
0.262701
0.262681
0.262666
0.262647
0.262634
0.262619
0.262603
0.262586
0.262574
0.262557
0.262540
0.262527
0.262515
0.262497
0.262484
0.262467
0.262360
0.262341
0.262326
0.262311
0.262296
0.262282
0.262270
0.262252
0.262236
0.262223
0.262209
0.262201
0.262183
0.262170
0.262157
0.262143
0.262123
0.262110
0.262093
0.262081
0.262067
0.262058
0.262047
0.262031
0.262019
0.262006
0.261989
0.261976
0.261963
0.261949
0.261936
0.261898
0.261884
0.261870
0.261857
0.261840
0.261828
0.261812
0.261796
0.261782
0.261766
0.261753
0.261737
0.261722
0.261710
0.261696
0.261685
0.261667
0.261656
0.261635
0.261625
0.261612
0.261602
0.261590
0.261577
0.261563
0.261550
0.261538
0.261529
0.261520
0.261507
0.261494
0.261482
0.261291
0.261279
0.261267
0.261256
0.261242
0.261227
0.261212
0.261202
0.261188
0.261176
0.261162
0.261150
0.261137
0.261125
0.261110
0.261098
0.261079
0.261059
0.261047
0.261036
0.261024
0.261011
0.260998
0.260985
0.260972
0.260960
0.260947
0.260932
0.260918
0.260909
0.260896
0.260883
0.260849
0.260835
0.260822
0.260808
0.260794
0.260781
0.260766
0.260753
0.260740
0.260729
0.260718
0.260707
0.260694
0.260681
0.260668
0.260656
0.260639
0.260627
0.260616
0.260602
0.260589
0.260578
0.260567
0.260554
0.260542
0.260531
0.260518
0.260507
0.260497
0.260484
0.260473
0.260461
0.260356
0.260345
0.260333
0.260322
0.260312
0.260301
0.260292
0.260282
0.260270
0.260258
0.260248
0.260232
0.260222
0.260210
0.260197
0.260186
0.260176
0.260160
0.260148
0.260137
0.260126
0.260112
0.260098
0.260086
0.260073
0.260060
0.260048
0.260038
0.260027
0.260017
0.259997
0.259987
0.259975
0.259965
0.259930
0.259922
0.259913
0.259905
0.259893
0.259883
0.259870
0.259857
0.259847
0.259835
0.259824
0.259813
0.259801
0.259794
0.259785
0.259776
0.259758
0.259746
0.259733
0.259722
0.259709
0.259698
0.259685
0.259674
0.259665
0.259654
0.259643
0.259636
0.259624
0.259613
0.259602
0.259588
0.259579
0.259566
0.259555
0.259546
0.259533
0.259521
0.259510
0.259501
0.259492
0.259484
0.259471
0.259461
0.259451
0.259442
0.259433
0.259423
0.259409
0.259399
0.259385
0.259374
0.259366
0.259357
0.259348
0.259334
0.259321
0.259312
0.259303
0.259294
0.259283
0.259272
0.259263
0.259252
0.259245
0.259237
0.259228
0.259216
0.259182
0.259172
0.259163
0.259153
0.259141
0.259131
0.259124
0.259115
0.259102
0.259088
0.259074
0.259065
0.259056
0.259044
0.259037
0.259028
0.259019
0.259008
0.258998
0.258990
0.258979
0.258968
0.258959
0.258948
0.258938
0.258931
0.258923
0.258915
0.258908
0.258899
0.258890
0.258880
0.258872
0.258865
0.258855
0.258753
0.258743
0.258735
0.258725
0.258717
0.258706
0.258695
0.258687
0.258680
0.258670
0.258661
0.258652
0.258645
0.258637
0.258627
0.258616
0.258607
0.258594
0.258584
0.258572
0.258564
0.258557
0.258548
0.258537
0.258529
0.258521
0.258511
0.258503
0.258495
0.258487
0.258477
0.258467
0.258458
0.258449
0.258443
0.258413
0.258406
0.258395
0.258387
0.258378
0.258368
0.258359
0.258349
0.258342
0.258331
0.258322
0.258312
0.258304
0.258294
0.258284
0.258277
0.258270
0.258263
0.258248
0.258237
0.258228
0.258221
0.258216
0.258206
0.258199
0.258192
0.258185
0.258178
0.258168
0.258162
0.258155
0.258145
0.258135
0.258129
0.258118
0.258111
0.258102
0.257922
0.257917
0.257907
0.257899
0.257891
0.257880
0.257869
0.257860
0.257853
0.257843
0.257833
0.257822
0.257813
0.257804
0.257799
0.257791
0.257784
0.257774
0.257761
0.257752
0.257740
0.257732
0.257726
0.257718
0.257709
0.257702
0.257695
0.257684
0.257679
0.257669
0.257661
0.257655
0.257647
0.257641
0.257632
0.257626
0.257618
0.257588
0.257581
0.257572
0.257563
0.257555
0.257548
0.257540
0.257530
0.257526
0.257517
0.257509
0.257502
0.257495
0.257488
0.257482
0.257474
0.257469
0.257461
0.257454
0.257444
0.257438
0.257431
0.257422
0.257415
0.257409
0.257400
0.257393
0.257385
0.257376
0.257369
0.257361
0.257354
0.257344
0.257332
0.257328
0.257322
0.257316
0.257308
0.257207
0.257200
0.257191
0.257185
0.257179
0.257171
0.257164
0.257158
0.257152
0.257145
0.257137
0.257130
0.257128
0.257123
0.257114
0.257106
0.257099
0.257093
0.257087
0.257077
0.257069
0.257062
0.257057
0.257052
0.257045
0.257038
0.257029
0.257023
0.257016
0.257006
0.257001
0.256992
0.256986
0.256977
0.256970
0.256964
0.256960
0.256952
0.256922
0.256916
0.256909
0.256902
0.256894
0.256890
0.256883
0.256876
0.256870
0.256860
0.256849
0.256842
0.256837
0.256830
0.256823
0.256817
0.256812
0.256805
0.256798
0.256792
0.256781
0.256774
0.256770
0.256764
0.256757
0.256752
0.256744
0.256741
0.256733
0.256726
0.256718
0.256713
0.256706
0.256702
0.256695
0.256689
0.256685
0.256678
0.256671
0.256667
0.256661
0.256656
0.256647
0.256643
0.256636
0.256629
0.256624
0.256614
0.256610
0.256603
0.256595
0.256589
0.256582
0.256578
0.256571
0.256565
0.256557
0.256550
0.256541
0.256531
0.256525
0.256520
0.256516
0.256510
0.256506
0.256498
0.256490
0.256483
0.256479
0.256473
0.256467
0.256459
0.256453
0.256449
0.256440
0.256436
0.256430
0.256424
0.256418
0.256413
0.256383
0.256375
0.256371
0.256365
0.256358
0.256352
0.256347
0.256337
0.256332
0.256328
0.256321
0.256315
0.256308
0.256303
0.256298
0.256290
0.256287
0.256280
0.256271
0.256265
0.256254
0.256248
0.256239
0.256233
0.256229
0.256221
0.256215
0.256213
0.256205
0.256202
0.256193
0.256189
0.256184
0.256179
0.256175
0.256171
0.256166
0.256160
0.256156
0.256152
0.256147
0.256049
0.256044
0.256039
0.256034
0.256029
0.256024
0.256019
0.256011
0.256006
0.256001
0.255994
0.255988
0.255986
0.255981
0.255976
0.255971
0.255965
0.255959
0.255954
0.255947
0.255944
0.255933
0.255925
0.255922
0.255918
0.255915
0.255909
0.255904
0.255898
0.255891
0.255885
0.255881
0.255877
0.255872
0.255865
0.255861
0.255854
0.255848
0.255843
0.255838
0.255831
0.255826
0.255795
0.255789
0.255785
0.255780
0.255776
0.255768
0.255764
0.255760
0.255756
0.255752
0.255746
0.255741
0.255737
0.255734
0.255728
0.255723
0.255719
0.255715
0.255711
0.255706
0.255700
0.255688
0.255686
0.255683
0.255680
0.255677
0.255672
0.255667
0.255661
0.255656
0.255652
0.255647
0.255640
0.255635
0.255630
0.255628
0.255622
0.255617
0.255610
0.255604
0.255599
0.255595
0.255590
0.255414
0.255408
0.255403
0.255395
0.255390
0.255384
0.255380
0.255376
0.255371
0.255367
0.255361
0.255358
0.255354
0.255350
0.255346
0.255342
0.255336
0.255331
0.255328
0.255322
0.255317
0.255312
0.255301
0.255294
0.255291
0.255288
0.255283
0.255279
0.255274
0.255270
0.255267
0.255263
0.255258
0.255252
0.255245
0.255240
0.255236
0.255227
0.255224
0.255220
0.255217
0.255213
0.255209
0.255204
0.255177
0.255174
0.255171
0.255166
0.255162
0.255160
0.255155
0.255150
0.255148
0.255143
0.255139
0.255134
0.255127
0.255125
0.255122
0.255117
0.255111
0.255107
0.255103
0.255101
0.255096
0.255092
0.255079
0.255075
0.255075
0.255069
0.255063
0.255058
0.255053
0.255051
0.255048
0.255042
0.255037
0.255033
0.255029
0.255026
0.255022
0.255018
0.255012
0.255006
0.254998
0.254993
0.254989
0.254986
0.254982
0.254884
0.254881
0.254878
0.254873
0.254871
0.254866
0.254862
0.254858
0.254854
0.254849
0.254848
0.254839
0.254836
0.254833
0.254830
0.254825
0.254821
0.254818
0.254815
0.254809
0.254807
0.254800
0.254795
0.254787
0.254781
0.254777
0.254776
0.254771
0.254767
0.254762
0.254760
0.254756
0.254752
0.254748
0.254744
0.254741
0.254739
0.254735
0.254729
0.254727
0.254721
0.254717
0.254713
0.254710
0.254704
0.254700
0.254671
0.254667
0.254665
0.254662
0.254660
0.254655
0.254648
0.254643
0.254640
0.254638
0.254634
0.254627
0.254622
0.254617
0.254615
0.254612
0.254611
0.254607
0.254604
0.254599
0.254592
0.254591
0.254588
0.254579
0.254576
0.254571
0.254568
0.254566
0.254562
0.254557
0.254552
0.254547
0.254546
0.254543
0.254540
0.254536
0.254534
0.254530
0.254526
0.254521
0.254518
0.254515
0.254511
0.254506
0.254503
0.254500
0.254497
0.254494
0.254491
0.254487
0.254484
0.254481
0.254479
0.254473
0.254467
0.254463
0.254461
0.254457
0.254454
0.254450
0.254447
0.254446
0.254442
0.254441
0.254435
0.254432
0.254430
0.254428
0.254424
0.254421
0.254418
0.254407
0.254402
0.254398
0.254395
0.254389
0.254389
0.254385
0.254383
0.254379
0.254376
0.254370
0.254368
0.254363
0.254356
0.254352
0.254348
0.254345
0.254340
0.254337
0.254334
0.254331
0.254328
0.254328
0.254326
0.254324
0.254298
0.254294
0.254293
0.254287
0.254284
0.254281
0.254278
0.254275
0.254273
0.254268
0.254263
0.254259
0.254254
0.254253
0.254249
0.254247
0.254244
0.254241
0.254238
0.254236
0.254233
0.254227
0.254225
0.254222
0.254212
0.254210
0.254207
0.254204
0.254201
0.254196
0.254195
0.254191
0.254188
0.254185
0.254182
0.254178
0.254174
0.254169
0.254165
0.254162
0.254158
0.254156
0.254154
0.254148
0.254143
0.254138
0.254136
0.254134
0.254131
0.254034
0.254032
0.254028
0.254026
0.254023
0.254021
0.254015
0.254011
0.254008
0.254008
0.254003
0.253999
0.253998
0.253994
0.253993
0.253990
0.253988
0.253985
0.253980
0.253977
0.253975
0.253973
0.253971
0.253968
0.253965
0.253962
0.253954
0.253951
0.253949
0.253945
0.253943
0.253938
0.253934
0.253931
0.253930
0.253926
0.253924
0.253923
0.253918
0.253916
0.253914
0.253908
0.253903
0.253902
0.253899
0.253896
0.253892
0.253890
0.253887
0.253885
0.253883
0.253858
0.253857
0.253853
0.253854
0.253849
0.253846
0.253844
0.253840
0.253834
0.253832
0.253830
0.253827
0.253824
0.253819
0.253818
0.253816
0.253813
0.253808
0.253806
0.253803
0.253800
0.253796
0.253792
0.253790
0.253786
0.253784
0.253776
0.253774
0.253775
0.253773
0.253769
0.253767
0.253762
0.253760
0.253756
0.253753
0.253751
0.253751
0.253749
0.253745
0.253741
0.253739
0.253737
0.253735
0.253734
0.253731
0.253729
0.253724
0.253721
0.253719
0.253718
0.253716
0.253714
0.253544
0.253542
0.253539
0.253537
0.253535
0.253529
0.253527
0.253524
0.253522
0.253519
0.253519
0.253516
0.253514
0.253512
0.253511
0.253509
0.253506
0.253504
0.253500
0.253498
0.253494
0.253492
0.253488
0.253486
0.253482
0.253479
0.253477
0.253470
0.253467
0.253463
0.253462
0.253458
0.253453
0.253451
0.253448
0.253447
0.253444
0.253442
0.253440
0.253438
0.253434
0.253435
0.253433
0.253431
0.253428
0.253426
0.253424
0.253423
0.253419
0.253418
0.253416
0.253412
0.253408
0.253408
0.253384
0.253381
0.253378
0.253377
0.253372
0.253369
0.253367
0.253365
0.253361
0.253359
0.253357
0.253354
0.253352
0.253349
0.253347
0.253344
0.253341
0.253340
0.253336
0.253335
0.253334
0.253332
0.253333
0.253331
0.253329
0.253327
0.253325
0.253318
0.253316
0.253313
0.253311
0.253308
0.253306
0.253306
0.253305
0.253303
0.253302
0.253300
0.253297
0.253296
0.253293
0.253290
0.253288
0.253286
0.253283
0.253279
0.253278
0.253275
0.253272
0.253269
0.253265
0.253263
0.253262
0.253259
0.253255
0.253156
0.253155
0.253153
0.253150
0.253148
0.253146
0.253143
0.253141
0.253139
0.253136
0.253134
0.253131
0.253126
0.253126
0.253122
0.253121
0.253119
0.253117
0.253115
0.253113
0.253112
0.253111
0.253110
0.253107
0.253108
0.253106
0.253105
0.253104
0.253102
0.253096
0.253093
0.253089
0.253087
0.253084
0.253080
0.253077
0.253075
0.253073
0.253071
0.253068
0.253065
0.253064
0.253061
0.253057
0.253055
0.253053
0.253050
0.253047
0.253045
0.253044
0.253042
0.253041
0.253039
0.253036
0.253034
0.253032
0.253030
0.253005
0.253004
0.253002
0.253002
0.253001
0.252999
0.252997
0.252996
0.252996
0.252995
0.252992
0.252992
0.252989
0.252989
0.252986
0.252983
0.252979
0.252978
0.252974
0.252970
0.252969
0.252966
0.252965
0.252963
0.252961
0.252961
0.252960
0.252958
0.252957
0.252951
0.252949
0.252946
0.252944
0.252942
0.252938
0.252935
0.252932
0.252927
0.252925
0.252923
0.252921
0.252916
0.252915
0.252914
0.252911
0.252908
0.252908
0.252906
0.252905
0.252904
0.252902
0.252899
0.252897
0.252895
0.252894
0.252891
0.252890
0.252888
0.252886
0.252883
0.252882
0.252879
0.252878
0.252875
0.252873
0.252873
0.252870
0.252868
0.252866
0.252865
0.252861
0.252860
0.252861
0.252858
0.252856
0.252852
0.252851
0.252848
0.252847
0.252844
0.252843
0.252843
0.252841
0.252839
0.252838
0.252838
0.252836
0.252835
0.252828
0.252827
0.252827
0.252825
0.252823
0.252821
0.252819
0.252819
0.252816
0.252814
0.252812
0.252809
0.252806
0.252804
0.252802
0.252800
0.252796
0.252795
0.252791
0.252792
0.252790
0.252787
0.252785
0.252782
0.252780
0.252777
0.252774
0.252771
0.252769
0.252768
0.252768
0.252744
0.252741
0.252738
0.252736
0.252734
0.252733
0.252732
0.252731
0.252729
0.252727
0.252726
0.252725
0.252724
0.252723
0.252722
0.252717
0.252716
0.252716
0.252714
0.252714
0.252713
0.252712
0.252711
0.252711
0.252710
0.252708
0.252706
0.252704
0.252701
0.252700
0.252692
0.252691
0.252690
0.252688
0.252683
0.252683
0.252678
0.252676
0.252674
0.252672
0.252671
0.252670
0.252668
0.252667
0.252666
0.252664
0.252662
0.252661
0.252658
0.252658
0.252656
0.252655
0.252655
0.252652
0.252649
0.252648
0.252646
0.252645
0.252642
0.252641
0.252639
0.252636
0.252540
0.252538
0.252537
0.252535
0.252534
0.252533
0.252531
0.252527
0.252527
0.252526
0.252525
0.252523
0.252520
0.252518
0.252517
0.252515
0.252514
0.252513
0.252510
0.252508
0.252509
0.252503
0.252503
0.252502
0.252501
0.252500
0.252498
0.252497
0.252493
0.252491
0.252488
0.252479
0.252476
0.252475
0.252474
0.252473
0.252471
0.252470
0.252469
0.252466
0.252465
0.252465
0.252463
0.252461
0.252460
0.252457
0.252456
0.252454
0.252452
0.252452
0.252450
0.252447
0.252446
0.252445
0.252443
0.252443
0.252442
0.252438
0.252435
0.252433
0.252430
0.252429
0.252427
0.252403
0.252402
0.252400
0.252401
0.252402
0.252401
0.252400
0.252399
0.252397
0.252396
0.252395
0.252393
0.252390
0.252389
0.252387
0.252385
0.252382
0.252378
0.252373
0.252371
0.252369
0.252369
0.252369
0.252367
0.252364
0.252363
0.252362
0.252360
0.252357
0.252356
0.252354
0.252352
0.252351
0.252344
0.252342
0.252339
0.252337
0.252337
0.252336
0.252336
0.252334
0.252332
0.252331
0.252330
0.252328
0.252327
0.252326
0.252325
0.252324
0.252322
0.252322
0.252321
0.252323
0.252321
0.252320
0.252320
0.252317
0.252315
0.252313
0.252313
0.252311
0.252310
0.252309
0.252308
0.252307
0.252306
0.252138
0.252137
0.252136
0.252132
0.252128
0.252128
0.252126
0.252124
0.252123
0.252120
0.252119
0.252119
0.252117
0.252115
0.252112
0.252112
0.252110
0.252109
0.252107
0.252106
0.252106
0.252105
0.252103
0.252102
0.252101
0.252099
0.252097
0.252096
0.252096
0.252091
0.252088
0.252088
0.252087
0.252084
0.252084
0.252083
0.252083
0.252082
0.252080
0.252080
0.252077
0.252077
0.252074
0.252074
0.252073
0.252073
0.252073
0.252073
0.252071
0.252069
0.252066
0.252064
0.252064
0.252062
0.252062
0.252059
0.252059
0.252057
0.252057
0.252055
0.252054
0.252053
0.252052
0.252049
0.252047
0.252044
0.252043
0.252018
0.252017
0.252019
0.252018
0.252016
0.252015
0.252015
0.252012
0.252012
0.252010
0.252007
0.252007
0.252004
0.252003
0.252004
0.252002
0.252002
0.251999
0.251998
0.251997
0.251996
0.251993
0.251992
0.251990
0.251989
0.251989
0.251988
0.251988
0.251986
0.251985
0.251983
0.251982
0.251981
0.251980
0.251973
0.251971
0.251971
0.251969
0.251968
0.251967
0.251966
0.251964
0.251964
0.251962
0.251962
0.251960
0.251959
0.251958
0.251958
0.251956
0.251957
0.251956
0.251951
0.251948
0.251947
0.251945
0.251944
0.251943
0.251944
0.251942
0.251942
0.251941
0.251943
0.251943
0.251940
0.251937
0.251935
0.251934
0.251933
0.251836
0.251833
0.251832
0.251829
0.251828
0.251830
0.251828
0.251827
0.251825
0.251823
0.251821
0.251821
0.251819
0.251819
0.251818
0.251813
0.251812
0.251811
0.251807
0.251806
0.251806
0.251805
0.251804
0.251804
0.251803
0.251803
0.251802
0.251800
0.251798
0.251799
0.251798
0.251797
0.251795
0.251794
0.251793
0.251793
0.251786
0.251785
0.251784
0.251782
0.251780
0.251780
0.251780
0.251779
0.251776
0.251773
0.251772
0.251771
0.251769
0.251766
0.251765
0.251763
0.251762
0.251763
0.251760
0.251759
0.251758
0.251756
0.251755
0.251754
0.251751
0.251751
0.251750
0.251748
0.251747
0.251747
0.251745
0.251745
0.251744
0.251743
0.251743
0.251743
0.251717
0.251715
0.251715
0.251714
0.251713
0.251713
0.251713
0.251712
0.251710
0.251710
0.251709
0.251708
0.251708
0.251708
0.251707
0.251705
0.251704
0.251704
0.251704
0.251704
0.251702
0.251702
0.251701
0.251700
0.251699
0.251695
0.251695
0.251694
0.251693
0.251692
0.251693
0.251692
0.251690
0.251689
0.251688
0.251685
0.251679
0.251679
0.251677
0.251676
0.251675
0.251673
0.251671
0.251669
0.251668
0.251667
0.251661
0.251659
0.251659
0.251657
0.251655
0.251654
0.251653
0.251653
0.251650
0.251650
0.251649
0.251647
0.251646
0.251644
0.251644
0.251643
0.251641
0.251640
0.251640
0.251639
0.251640
0.251640
0.251638
0.251638
0.251637
0.251636
0.251635
0.251634
0.251633
0.251632
0.251630
0.251630
0.251630
0.251627
0.251626
0.251624
0.251624
0.251623
0.251622
0.251620
0.251620
0.251619
0.251616
0.251615
0.251614
0.251614
0.251612
0.251610
0.251608
0.251606
0.251607
0.251604
0.251601
0.251601
0.251600
0.251599
0.251598
0.251598
0.251596
0.251595
0.251593
0.251591
0.251591
0.251591
0.251584
0.251584
0.251584
0.251583
0.251585
0.251584
0.251583
0.251582
0.251582
0.251582
0.251581
0.251580
0.251579
0.251578
0.251577
0.251578
0.251577
0.251577
0.251575
0.251572
0.251572
0.251571
0.251571
0.251570
0.251571
0.251570
0.251569
0.251568
0.251568
0.251567
0.251566
0.251563
0.251562
0.251562
0.251560
0.251559
0.251557
0.251557
0.251557
0.251533
0.251530
0.251531
0.251530
0.251529
0.251528
0.251528
0.251525
0.251523
0.251524
0.251522
0.251522
0.251519
0.251518
0.251521
0.251519
0.251518
0.251518
0.251518
0.251515
0.251514
0.251513
0.251511
0.251508
0.251507
0.251506
0.251506
0.251506
0.251503
0.251502
0.251500
0.251499
0.251499
0.251497
0.251496
0.251496
0.251495
0.251495
0.251488
0.251487
0.251486
0.251486
0.251485
0.251484
0.251484
0.251480
0.251479
0.251479
0.251478
0.251478
0.251477
0.251475
0.251475
0.251474
0.251474
0.251473
0.251471
0.251471
0.251469
0.251468
0.251468
0.251468
0.251470
0.251470
0.251470
0.251470
0.251470
0.251469
0.251468
0.251468
0.251467
0.251464
0.251463
0.251462
0.251460
0.251460
0.251460
0.251359
0.251359
0.251359
0.251359
0.251357
0.251356
0.251355
0.251355
0.251354
0.251353
0.251353
0.251352
0.251351
0.251349
0.251346
0.251344
0.251344
0.251344
0.251342
0.251342
0.251340
0.251339
0.251340
0.251340
0.251340
0.251339
0.251339
0.251338
0.251339
0.251338
0.251338
0.251337
0.251335
0.251335
0.251336
0.251335
0.251335
0.251333
0.251333
0.251333
0.251325
0.251325
0.251324
0.251324
0.251323
0.251322
0.251323
0.251321
0.251320
0.251320
0.251316
0.251314
0.251312
0.251312
0.251309
0.251309
0.251308
0.251307
0.251307
0.251306
0.251305
0.251300
0.251300
0.251297
0.251296
0.251297
0.251296
0.251295
0.251293
0.251293
0.251292
0.251293
0.251293
0.251290
0.251288
0.251288
0.251287
0.251286
0.251286
0.251285
0.251284
0.251260
0.251259
0.251260
0.251259
0.251260
0.251259
0.251259
0.251258
0.251258
0.251257
0.251256
0.251254
0.251253
0.251252
0.251250
0.251252
0.251251
0.251251
0.251250
0.251250
0.251247
0.251246
0.251245
0.251245
0.251245
0.251245
0.251242
0.251241
0.251241
0.251240
0.251238
0.251237
0.251237
0.251237
0.251235
0.251234
0.251232
0.251231
0.251231
0.251232
0.251231
0.251225
0.251225
0.251224
0.251222
0.251221
0.251223
0.251222
0.251221
0.251221
0.251219
0.251218
0.251219
0.251219
0.251219
0.251219
0.251217
0.251217
0.251216
0.251215
0.251215
0.251212
0.251212
0.251210
0.251211
0.251211
0.251211
