0.741464
0.741249
0.741069
0.740898
0.740810
0.740810
0.740772
0.740661
0.740538
0.740438
0.740346
0.740262
0.740186
0.740114
0.740030
0.739874
0.739731
0.739647
0.739583
0.739519
0.739483
0.739420
0.739356
0.739296
0.739228
0.739169
0.739120
0.739069
0.738992
0.738941
0.738864
0.738363
0.737737
0.737492
0.737358
0.737234
0.737105
0.736995
0.736882
0.736751
0.736637
0.736605
0.736409
0.736287
0.736198
0.736119
0.736035
0.735855
0.735572
0.735420
0.735328
0.735243
0.735149
0.735066
0.734995
0.734906
0.734746
0.734660
0.734600
0.734555
0.734496
0.734441
0.734375
0.733125
0.728758
0.726749
0.726035
0.725610
0.725217
0.724857
0.723986
0.723647
0.723163
0.722872
0.722631
0.722429
0.722264
0.722066
0.721893
0.721685
0.721212
0.720880
0.720687
0.720529
0.720340
0.720198
0.720065
0.719927
0.719727
0.719569
0.719465
0.719360
0.719256
0.719179
0.719125
0.719007
0.717833
0.716734
0.716405
0.716112
0.715959
0.715831
0.715701
0.715622
0.715487
0.715342
0.715248
0.715182
0.715108
0.715033
0.715023
0.715103
0.714933
0.714511
0.714388
0.714329
0.714275
0.714207
0.714159
0.714127
0.714067
0.713929
0.713875
0.713841
0.713808
0.713757
0.713729
0.713708
0.713677
0.713458
0.713373
0.713340
0.713316
0.713270
0.713245
0.713226
0.713204
0.713089
0.713033
0.713008
0.712991
0.712953
0.712928
0.712913
0.712946
0.713046
0.713135
0.713181
0.713201
0.713200
0.713195
0.713194
0.713189
0.713139
0.713044
0.713022
0.713010
0.712996
0.712963
0.712950
0.712932
0.712653
0.710690
0.710104
0.709990
0.709916
0.709846
0.709802
0.709767
0.709733
0.709608
0.709532
0.709505
0.709480
0.709436
0.709402
0.709380
0.709352
0.709082
0.708732
0.708788
0.708799
0.708782
0.708744
0.708729
0.708713
0.708678
0.708538
0.708505
0.708489
0.708475
0.708433
0.708416
0.708377
0.707764
0.699784
0.696342
0.695848
0.695655
0.695476
0.695355
0.695258
0.695171
0.695024
0.694861
0.694787
0.694732
0.694657
0.694590
0.694537
0.694486
0.694294
0.693719
0.693591
0.693539
0.693494
0.693428
0.693393
0.693361
0.693319
0.693160
0.693103
0.693083
0.693060
0.693013
0.692984
0.692960
0.692841
0.690983
0.689801
0.689699
0.689659
0.689598
0.689545
0.689514
0.689482
0.689396
0.689254
0.689227
0.689209
0.689181
0.689132
0.689112
0.689086
0.688966
0.688365
0.688315
0.688446
0.688460
0.688420
0.688403
0.688388
0.688366
0.688223
0.688162
0.688152
0.688140
0.688103
0.688077
0.688064
0.688052
0.688047
0.688047
0.688076
0.688086
0.688071
0.688035
0.688026
0.688012
0.687982
0.687827
0.687795
0.687789
0.687780
0.687743
0.687722
0.687712
0.687687
0.687434
0.687035
0.687583
0.687830
0.687863
0.687842
0.687842
0.687839
0.687831
0.687712
0.687641
0.687638
0.687631
0.687617
0.687583
0.687578
0.687551
0.687273
0.684836
0.684208
0.684157
0.684121
0.684078
0.684038
0.684020
0.683999
0.683950
0.683789
0.683766
0.683747
0.683731
0.683687
0.683666
0.683650
0.683620
0.683352
0.682994
0.683019
0.683008
0.682994
0.682949
0.682936
0.682922
0.682903
0.682775
0.682705
0.682690
0.682676
0.682657
0.682617
0.682606
0.682525
0.681351
0.672162
0.670209
0.670020
0.669915
0.669821
0.669739
0.669686
0.669630
0.669556
0.669380
0.669326
0.669286
0.669251
0.669187
0.669148
0.669117
0.669066
0.668651
0.668222
0.668177
0.668145
0.668115
0.668060
0.668038
0.668016
0.667996
0.667837
0.667775
0.667755
0.667739
0.667708
0.667669
0.667663
0.667658
0.667123
0.664536
0.664240
0.664186
0.664151
0.664093
0.664061
0.664045
0.664022
0.663926
0.663790
0.663770
0.663747
0.663724
0.663692
0.663822
0.663895
0.663841
0.663233
0.663028
0.663001
0.662981
0.662949
0.662917
0.662909
0.662889
0.662842
0.662673
0.662650
0.662632
0.662621
0.662605
0.662614
0.662602
0.662592
0.662588
0.662584
0.662575
0.662562
0.662552
0.662512
0.662502
0.662487
0.662469
0.662319
0.662259
0.662278
0.662591
0.663071
0.663099
0.663115
0.663113
0.663033
0.662364
0.662249
0.662233
0.662230
0.662202
0.662172
0.662164
0.662153
0.662112
0.661946
0.661942
0.661971
0.661968
0.661930
0.661913
0.661904
0.661837
0.660826
0.658442
0.658312
0.658262
0.658231
0.658167
0.658146
0.658125
0.658109
0.658055
0.658113
0.658126
0.658120
0.658105
0.658062
0.658050
0.658034
0.657977
0.657362
0.657136
0.657110
0.657091
0.657064
0.657021
0.657009
0.657010
0.657016
0.656841
0.656812
0.656796
0.656786
0.656749
0.656723
0.656713
0.656570
0.653938
0.645266
0.644730
0.644566
0.644468
0.644370
0.644316
0.644272
0.644230
0.644113
0.643967
0.643933
0.643899
0.643866
0.643814
0.643795
0.643766
0.643701
0.643110
0.642845
0.642808
0.642786
0.642794
0.642755
0.642741
0.642718
0.642685
0.642504
0.642467
0.642448
0.642442
0.642406
0.642373
0.642359
0.642312
0.641662
0.638958
0.638850
0.638933
0.638915
0.638864
0.638839
0.638822
0.638802
0.638726
0.638575
0.638562
0.638541
0.638524
0.638473
0.638456
0.638438
0.638409
0.638079
0.637591
0.637562
0.637538
0.637520
0.637467
0.637454
0.637438
0.637429
0.637303
0.637203
0.637189
0.637174
0.637154
0.637135
0.637414
0.637867
0.637919
0.637945
0.637958
0.637961
0.637956
0.637940
0.637911
0.637911
0.637900
0.637876
0.637702
0.637675
0.637662
0.637663
0.637680
0.637656
0.637653
0.637637
0.637497
0.636778
0.636723
0.636707
0.636702
0.636663
0.636641
0.636634
0.636621
0.636562
0.636423
0.636581
0.636621
0.636623
0.636586
0.636581
0.636570
0.636478
0.635138
0.632932
0.632839
0.632783
0.632749
0.632690
0.632674
0.632662
0.632684
0.632568
0.632469
0.632457
0.632444
0.632426
0.632378
0.632372
0.632362
0.632292
0.631596
0.631419
0.631395
0.631377
0.631347
0.631305
0.631294
0.631279
0.631244
0.631056
0.631032
0.631016
0.631013
0.630983
0.630955
0.630945
0.630799
0.628348
0.619887
0.619507
0.619387
0.619297
0.619212
0.619176
0.619149
0.619117
0.619012
0.618868
0.618845
0.618818
0.618792
0.618734
0.618713
0.618697
0.618735
0.618331
0.618002
0.617982
0.617962
0.617934
0.617882
0.617871
0.617862
0.617833
0.617643
0.617608
0.617589
0.617576
0.617550
0.617557
0.617557
0.617515
0.616890
0.613980
0.613812
0.613745
0.613714
0.613663
0.613635
0.613618
0.613599
0.613519
0.613385
0.613671
0.614059
0.614094
0.614068
0.614073
0.614063
0.614023
0.613557
0.613130
0.613105
0.613084
0.613064
0.613015
0.613007
0.613002
0.613025
0.612850
0.612805
0.612793
0.612783
0.612757
0.612720
0.612721
0.612709
0.612706
0.612705
0.612701
0.612689
0.612708
0.612848
0.612882
0.612887
0.612881
0.612837
0.612653
0.612641
0.612632
0.612629
0.612592
0.612569
0.612562
0.612539
0.612352
0.611639
0.611639
0.611619
0.611609
0.611574
0.611550
0.611541
0.611531
0.611494
0.611307
0.611293
0.611279
0.611270
0.611235
0.611207
0.611197
0.611155
0.610537
0.607463
0.607289
0.607224
0.607190
0.607155
0.607125
0.607112
0.607094
0.607052
0.606852
0.606835
0.606846
0.606866
0.606835
0.606803
0.606795
0.606773
0.606633
0.605844
0.605797
0.605772
0.605756
0.605725
0.605690
0.605685
0.605754
0.605885
0.605704
0.605697
0.605688
0.605680
0.605650
0.605620
0.605623
0.605548
0.604146
0.595348
0.594761
0.594607
0.594539
0.594528
0.594483
0.594465
0.594442
0.594399
0.594197
0.594174
0.594158
0.594142
0.594108
0.594069
0.594057
0.594041
0.594075
0.593786
0.593788
0.593791
0.593790
0.593764
0.593725
0.593718
0.593712
0.593682
0.593484
0.593463
0.593450
0.593440
0.593428
0.593435
0.593433
0.593410
0.593056
0.589900
0.589532
0.589468
0.589444
0.589413
0.589366
0.589357
0.589340
0.589316
0.589194
0.589332
0.589338
0.589334
0.589319
0.589275
0.589266
0.589254
0.589188
0.588423
0.588275
0.588255
0.588237
0.588216
0.588198
0.588224
0.588212
0.588193
0.588007
0.587959
0.587949
0.587945
0.587930
0.587884
0.587875
0.587861
0.587854
0.587852
0.587847
0.587838
0.587827
0.587812
0.587765
0.587757
0.587746
0.587744
0.587641
0.587503
0.587494
0.587479
0.587470
0.587428
0.587453
0.587462
0.587447
0.587307
0.586495
0.586444
0.586420
0.586415
0.586400
0.586354
0.586346
0.586333
0.586321
0.586223
0.586203
0.586322
0.586323
0.586324
0.586288
0.586268
0.586260
0.586241
0.585818
0.582505
0.582211
0.582147
0.582114
0.582094
0.582062
0.582093
0.582080
0.582070
0.581985
0.581818
0.581806
0.581791
0.581790
0.581753
0.581721
0.581713
0.581696
0.581625
0.581012
0.581293
0.581324
0.581332
0.581328
0.581277
0.581270
0.581262
0.581262
0.581196
0.581009
0.581001
0.580986
0.580981
0.580970
0.580977
0.580975
0.580958
0.580467
0.574241
0.570847
0.570672
0.570603
0.570576
0.570517
0.570500
0.570479
0.570462
0.570491
0.570453
0.570454
0.570446
0.570438
0.570418
0.570368
0.570363
0.570355
0.570325
0.569946
0.569348
0.569323
0.569298
0.569309
0.569309
0.569283
0.569274
0.569261
0.569239
0.569040
0.569003
0.568996
0.568982
0.568971
0.568918
0.568910
0.568900
0.568863
0.568116
0.564934
0.564808
0.564754
0.564733
0.564708
0.564668
0.564661
0.564644
0.564630
0.564515
0.564374
0.564366
0.564392
0.564399
0.564358
0.564334
0.564326
0.564309
0.564231
0.563400
0.563287
0.563263
0.563248
0.563236
0.563182
0.563225
0.563414
0.563432
0.563387
0.563191
0.563180
0.563164
0.563163
0.563148
0.563105
0.563101
0.563088
0.563084
0.563085
0.563118
0.563142
0.563133
0.563129
0.563087
0.563067
0.563062
0.563061
0.563044
0.562835
0.562799
0.562790
0.562779
0.562839
0.563250
0.563348
0.563374
0.563373
0.563272
0.562381
0.562326
0.562318
0.562309
0.562300
0.562249
0.562247
0.562241
0.562245
0.562260
0.562046
0.562036
0.562028
0.562019
0.562009
0.561960
0.561966
0.561958
0.561936
0.561292
0.557821
0.557691
0.557757
0.557897
0.557902
0.557853
0.557849
0.557836
0.557828
0.557786
0.557579
0.557569
0.557557
0.557550
0.557534
0.557488
0.557531
0.557531
0.557520
0.557311
0.556472
0.556439
0.556420
0.556424
0.556408
0.556356
0.556351
0.556338
0.556329
0.556269
0.556059
0.556047
0.556031
0.556025
0.556008
0.555956
0.555957
0.555950
0.555894
0.553780
0.546631
0.546399
0.546319
0.546348
0.546336
0.546284
0.546271
0.546253
0.546240
0.546172
0.545985
0.545971
0.545951
0.545943
0.545921
0.545872
0.545951
0.546103
0.546110
0.545873
0.545083
0.545053
0.545030
0.545031
0.545016
0.544965
0.544957
0.544943
0.544934
0.544881
0.544727
0.544720
0.544706
0.544699
0.544682
0.544628
0.544625
0.544621
0.544602
0.543826
0.540469
0.540353
0.540334
0.540708
0.540871
0.540847
0.540841
0.540829
0.540820
0.540773
0.540567
0.540554
0.540538
0.540533
0.540517
0.540462
0.540485
0.540508
0.540502
0.540334
0.539450
0.539416
0.539399
0.539403
0.539391
0.539333
0.539329
0.539317
0.539310
0.539363
0.539315
0.539323
0.539315
0.539310
0.539298
0.539242
0.539249
0.539242
0.539234
0.539231
0.539234
0.539230
0.539240
0.539279
0.539275
0.539218
0.539214
0.539206
0.539198
0.539181
0.538944
0.538933
0.538924
0.538915
0.538906
0.538846
0.538840
0.538832
0.538822
0.538739
0.537757
0.537716
0.537715
0.537707
0.537699
0.537640
0.537635
0.537628
0.537648
0.537664
0.537419
0.537407
0.537400
0.537388
0.537383
0.537336
0.537334
0.537327
0.537320
0.537040
0.533027
0.533076
0.533124
0.533124
0.533115
0.533053
0.533048
0.533043
0.533042
0.533023
0.532768
0.532757
0.532746
0.532740
0.532791
0.532735
0.532730
0.532724
0.532713
0.532650
0.531632
0.531592
0.531579
0.531568
0.531561
0.531497
0.531714
0.532027
0.532052
0.532036
0.531779
0.531766
0.531761
0.531764
0.531761
0.531698
0.531696
0.531689
0.531682
0.531383
0.523312
0.522979
0.522936
0.522920
0.522910
0.522852
0.522845
0.522834
0.522819
0.522805
0.522550
0.522629
0.522803
0.522806
0.522799
0.522739
0.522731
0.522726
0.522726
0.522705
0.521711
0.521617
0.521605
0.521591
0.521646
0.521593
0.521579
0.521574
0.521558
0.521550
0.521359
0.521285
0.521278
0.521263
0.521258
0.521214
0.521184
0.521176
0.521159
0.521145
0.519002
0.516734
0.516685
0.516676
0.516669
0.516637
0.516593
0.516584
0.516569
0.516622
0.516540
0.516341
0.516334
0.516316
0.516311
0.516307
0.516252
0.516245
0.516230
0.516225
0.516052
0.515374
0.515393
0.515376
0.515374
0.515362
0.515301
0.515309
0.515297
0.515290
0.515269
0.515009
0.514998
0.515034
0.515050
0.515045
0.514979
0.514973
0.514964
0.514963
0.514964
0.514965
0.514962
0.514957
0.514944
0.515143
0.515398
0.515412
0.515408
0.515397
0.515392
0.515170
0.515120
0.515117
0.515103
0.515101
0.515077
0.515034
0.515095
0.515085
0.515083
0.514987
0.513947
0.513922
0.513927
0.513921
0.513916
0.513851
0.513847
0.513842
0.514015
0.514127
0.513916
0.513843
0.513842
0.513826
0.513828
0.513824
0.513769
0.513765
0.513753
0.513752
0.513602
0.509257
0.509155
0.509146
0.509135
0.509131
0.509061
0.509070
0.509066
0.509048
0.509046
0.508945
0.508749
0.508742
0.508723
0.508720
0.508716
0.508647
0.508641
0.508644
0.508638
0.508632
0.507500
0.507448
0.507444
0.507448
0.507497
0.507473
0.507424
0.507422
0.507406
0.507404
0.507403
0.507122
0.507114
0.507111
0.507100
0.507106
0.507329
0.507345
0.507342
0.507328
0.507325
0.504785
0.499413
0.499389
0.499369
0.499366
0.499357
0.499285
0.499344
0.499342
0.499324
0.499319
0.499042
0.499024
0.499032
0.499017
0.499012
0.498999
0.498939
0.498933
0.499251
0.499420
0.499410
0.498288
0.498263
0.498261
0.498250
0.498256
0.498209
0.498184
0.498181
0.498163
0.498174
0.498221
0.497941
0.497935
0.497933
0.497920
0.497918
0.497865
0.497863
0.497859
0.497845
0.497840
0.497174
0.493494
0.493489
0.493468
0.493466
0.493460
0.493386
0.493398
0.493397
0.493379
0.493379
0.493201
0.493081
0.493149
0.493131
0.493125
0.493124
0.493051
0.493044
0.493057
0.493043
0.493037
0.491906
0.491861
0.491854
0.491833
0.491826
0.491820
0.491752
0.491746
0.491730
0.491743
0.491737
0.491443
0.491439
0.491436
0.491416
0.491488
0.491471
0.491412
0.491411
0.491394
0.491392
0.491404
0.491405
0.491398
0.491401
0.491384
0.491380
0.491653
0.491621
0.491617
0.491605
0.491603
0.491599
0.491318
0.491312
0.491311
0.491298
0.491294
0.491279
0.491296
0.491294
0.491278
0.491282
0.491279
0.490086
0.490091
0.490088
0.490069
0.490068
0.490065
0.489990
0.490447
0.490451
0.490439
0.490439
0.490141
0.490132
0.490145
0.490128
0.490129
0.490129
0.490055
0.490051
0.490127
0.490111
0.490109
0.489447
0.485219
0.485213
0.485209
0.485206
0.485199
0.485124
0.485120
0.485114
0.485404
0.485418
0.485417
0.485112
0.485105
0.485104
0.485102
0.485099
0.485082
0.485026
0.485021
0.485004
0.485074
0.485075
0.483839
0.483841
0.483834
0.483823
0.483757
0.483749
0.483728
0.483457
0.483405
0.483384
0.483322
0.483318
0.483295
0.476382
0.476353
0.476345
0.476276
0.476256
0.476238
0.476251
0.476229
0.476168
0.476148
0.476109
0.475012
0.474993
0.474915
0.474924
0.474902
0.474988
0.475010
0.475009
0.474947
0.474928
0.470148
0.470113
0.470092
0.470011
0.470003
0.469998
0.469872
0.469990
0.469977
0.469922
0.469900
0.468663
0.468735
0.468713
0.468636
0.468630
0.468624
0.468309
0.468283
0.468278
0.468196
0.468193
0.468191
0.468269
0.468246
0.468165
0.468178
0.468158
0.467841
0.468166
0.468143
0.468069
0.468081
0.468056
0.466792
0.466869
0.466848
0.466767
0.466781
0.466762
0.466438
0.466843
0.466823
0.466743
0.466758
0.466739
0.461578
0.461653
0.461630
0.461548
0.461558
0.461537
0.461213
0.461553
0.461532
0.461450
0.461461
0.461445
0.460169
0.460211
0.460193
0.460125
0.460119
0.460102
0.460028
0.459759
0.459742
0.459735
0.459672
0.459654
0.459558
0.453702
0.453681
0.453671
0.453607
0.453596
0.453611
0.453590
0.453585
0.453565
0.453507
0.453498
0.453483
0.452890
0.452284
0.452264
0.452271
0.452196
0.452209
0.452536
0.452221
0.452209
0.452209
0.452135
0.452133
0.452184
0.448315
0.447046
0.447041
0.447029
0.446981
0.447276
0.447264
0.446949
0.446949
0.446932
0.446863
0.446926
0.446903
0.446133
0.445615
0.445595
0.445586
0.445505
0.445486
0.445470
0.445174
0.445155
0.445141
0.445150
0.445128
0.445112
0.445121
0.445119
0.445131
0.445405
0.445362
0.445355
0.445347
0.445094
0.445024
0.445071
0.445059
0.444998
0.444993
0.444945
0.443743
0.443937
0.443971
0.443915
0.443904
0.443887
0.443852
0.443622
0.443614
0.443605
0.443542
0.443533
0.443457
0.440610
0.438450
0.438420
0.438421
0.438345
0.438337
0.438376
0.438117
0.438051
0.438041
0.438013
0.437953
0.437926
0.437868
0.436678
0.436555
0.436539
0.436499
0.436521
0.436515
0.436493
0.436197
0.436178
0.436196
0.436386
0.436421
0.436337
0.435872
0.431689
0.431485
0.431525
0.431477
0.431453
0.431441
0.431396
0.431162
0.431345
0.431389
0.431331
0.431317
0.431282
0.431088
0.430100
0.430042
0.430033
0.429985
0.429978
0.429983
0.430161
0.429960
0.429931
0.429928
0.429883
0.429845
0.429797
0.429484
0.425054
0.424528
0.424502
0.424457
0.424410
0.424386
0.424364
0.424108
0.424056
0.424043
0.424063
0.424028
0.423992
0.423953
0.423051
0.422719
0.422900
0.422966
0.422905
0.422897
0.422880
0.422711
0.422616
0.422608
0.422599
0.422546
0.422534
0.422558
0.422720
0.422776
0.422773
0.422769
0.422722
0.422700
0.422737
0.422734
0.422483
0.422417
0.422401
0.422402
0.422545
0.422647
0.422643
0.422288
0.421398
0.421254
0.421271
0.421276
0.421236
0.421224
0.421224
0.421167
0.420901
0.420870
0.420849
0.420846
0.420778
0.420776
0.420759
0.420753
0.416079
0.415251
0.415121
0.415112
0.415092
0.415030
0.415021
0.415322
0.415357
0.415037
0.415022
0.415008
0.415006
0.414961
0.414993
0.414993
0.414980
0.414985
0.413626
0.413562
0.413529
0.413726
0.413695
0.413668
0.413668
0.413658
0.413652
0.413309
0.413369
0.413358
0.413356
0.413305
0.413285
0.413280
0.413262
0.413535
0.410065
0.409931
0.409908
0.409910
0.409858
0.409823
0.409888
0.409880
0.409879
0.409555
0.409546
0.409529
0.409524
0.409495
0.409437
0.409433
0.409419
0.409428
0.408148
0.408042
0.408095
0.408093
0.408090
0.408010
0.408018
0.408001
0.407997
0.408104
0.407988
0.407989
0.407970
0.407983
0.407904
0.407899
0.407954
0.407965
0.407937
0.402487
0.402333
0.402304
0.402296
0.402383
0.402399
0.402398
0.402376
0.402388
0.402058
0.402032
0.402063
0.402092
0.402091
0.402005
0.402016
0.401998
0.401997
0.401997
0.400941
0.400925
0.400903
0.400915
0.400858
0.400831
0.400843
0.400892
0.400892
0.400550
0.400546
0.400540
0.400526
0.400521
0.400431
0.400428
0.400409
0.400423
0.400422
0.400426
0.400423
0.400488
0.400487
0.400469
0.400419
0.400416
0.400400
0.400394
0.400426
0.400399
0.400397
0.400394
0.400393
0.400310
0.400303
0.400389
0.400372
0.400370
0.398947
0.398914
0.398898
0.398889
0.399066
0.398981
0.398978
0.398976
0.398975
0.398978
0.398610
0.398695
0.398677
0.398673
0.398693
0.398603
0.398601
0.398579
0.398937
0.395750
0.392987
0.392968
0.392937
0.392933
0.392844
0.392930
0.392931
0.392908
0.392924
0.392556
0.392553
0.392545
0.392520
0.392519
0.392426
0.392439
0.392439
0.392421
0.392417
0.391019
0.390994
0.390988
0.390985
0.390979
0.390890
0.390919
0.391270
0.391254
0.391248
0.390893
0.390882
0.390884
0.390953
0.390948
0.390862
0.390854
0.390875
0.390852
0.390850
0.388606
0.388573
0.388570
0.388547
0.388561
0.388474
0.388472
0.388556
0.388537
0.388537
0.388180
0.388190
0.388188
0.388169
0.388514
0.388436
0.388441
0.388438
0.388436
0.388434
0.387073
0.387067
0.387056
0.387038
0.387032
0.387019
0.386963
0.386959
0.386936
0.386931
0.386920
0.386572
0.386583
0.386564
0.386563
0.386646
0.386561
0.386559
0.386545
0.386557
0.386491
0.380686
0.380981
0.380966
0.380946
0.380943
0.380871
0.380869
0.380867
0.380932
0.380929
0.380715
0.380562
0.380571
0.380551
0.380553
0.380651
0.380565
0.380565
0.380550
0.380562
0.380523
0.379075
0.379140
0.379134
0.379117
0.379117
0.379049
0.379042
0.379068
0.379393
0.379393
0.379280
0.379030
0.379036
0.379018
0.379024
0.379101
0.379014
0.379013
0.379015
0.379013
0.379012
0.379013
0.379008
0.379005
0.378987
0.378996
0.378979
0.378914
0.378920
0.378983
0.378980
0.378968
0.378630
0.378615
0.378615
0.378630
0.378928
0.378960
0.378880
0.378880
0.378891
0.378879
0.378850
0.377949
0.377430
0.377423
0.377406
0.377419
0.377414
0.377340
0.377349
0.377416
0.377399
0.377395
0.377386
0.377033
0.377028
0.377036
0.377092
0.377093
0.377073
0.377012
0.377022
0.377019
0.377023
0.377109
0.373294
0.371091
0.371063
0.371054
0.371048
0.371049
0.371007
0.371041
0.371041
0.371026
0.371031
0.371017
0.370675
0.370641
0.370636
0.370615
0.370612
0.370615
0.370541
0.370541
0.370547
0.370590
0.370567
0.370373
0.369056
0.369029
0.369037
0.369052
0.369259
0.369371
0.369313
0.369311
0.369318
0.369306
0.369301
0.369146
0.369000
0.368997
0.368987
0.368989
0.368988
0.368940
0.368909
0.368946
0.368938
0.368921
0.368898
0.368255
0.367936
0.367936
0.367982
0.367990
0.367989
0.367931
0.367919
0.367935
0.367948
0.368128
0.368243
0.368012
0.367894
0.367901
0.367894
0.367892
0.367913
0.367911
0.367884
0.367883
0.367877
0.367852
0.367813
0.367060
0.366369
0.366336
0.366330
0.366323
0.366331
0.366302
0.366260
0.366309
0.366324
0.366311
0.366303
0.366216
0.365991
0.365996
0.366143
0.366284
0.366293
0.366283
0.366226
0.366224
0.366217
0.366154
0.366084
0.365599
0.360785
0.360075
0.360056
0.360039
0.360035
0.360041
0.359974
0.359959
0.359962
0.359955
0.359951
0.359941
0.359741
0.359655
0.359650
0.359642
0.359657
0.359673
0.359656
0.359806
0.359933
0.359924
0.359893
0.359870
0.359367
0.358461
0.358404
0.358438
0.358429
0.358426
0.358425
0.358359
0.358348
0.358343
0.358320
0.358311
0.358289
0.358028
0.357955
0.357954
0.357955
0.358002
0.358010
0.357962
0.357943
0.357962
0.357974
0.358012
0.358227
0.358306
0.358316
0.358323
0.358331
0.358323
0.358328
0.358366
0.358327
0.358314
0.358313
0.358306
0.358298
0.358282
0.358069
0.357932
0.357919
0.357912
0.357916
0.357919
0.357905
0.357877
0.357904
0.357897
0.357870
0.357864
0.357769
0.356729
0.356479
0.356632
0.356656
0.356655
0.356664
0.356633
0.356596
0.356609
0.356649
0.356645
0.356637
0.356597
0.356329
0.356268
0.356260
0.356245
0.356241
0.356237
0.356196
0.356166
0.356131
0.356068
0.356017
0.355885
0.354682
0.350547
0.349835
0.349796
0.349834
0.350024
0.350095
0.350052
0.350033
0.350036
0.350029
0.350029
0.350062
0.349989
0.349753
0.349716
0.349717
0.349704
0.349698
0.349689
0.349634
0.349605
0.349595
0.349581
0.349558
0.349523
0.349210
0.348270
0.348100
0.348100
0.348108
0.348121
0.348160
0.348281
0.348350
0.348359
0.348357
0.348355
0.348350
0.348299
0.348089
0.348056
0.348052
0.348044
0.348046
0.348040
0.347998
0.347957
0.347949
0.347948
0.347944
0.347952
0.347960
0.347975
0.348016
0.348042
0.348046
0.348055
0.348071
0.348068
0.348058
0.348198
0.348299
0.348304
0.348302
0.348290
0.348125
0.347970
0.347977
0.347999
0.347991
0.347992
0.347991
0.347939
0.347902
0.347882
0.347857
0.347831
0.347792
0.347600
0.346643
0.346305
0.346292
0.346316
0.346324
0.346334
0.346338
0.346297
0.346316
0.346430
0.346546
0.346570
0.346559
0.346466
0.346251
0.346214
0.346239
0.346259
0.346264
0.346260
0.346218
0.346144
0.346084
0.346018
0.345933
0.345817
0.345365
0.342706
0.340354
0.339946
0.339934
0.339955
0.339968
0.339973
0.339947
0.339930
0.339957
0.340055
0.340171
0.340198
0.340171
0.339988
0.339867
0.339854
0.339873
0.339893
0.339899
0.339890
0.339844
0.339808
0.339787
0.339767
0.339735
0.339693
0.339539
0.338781
0.338267
0.338188
0.338207
0.338235
0.338251
0.338254
0.338225
0.338209
0.338237
0.338325
0.338441
0.338471
0.338445
0.338284
0.338143
0.338126
0.338146
0.338168
0.338173
0.338168
0.338139
0.338104
0.338097
0.338093
0.338083
0.338083
0.338088
0.338100
0.338112
0.338126
0.338155
0.338186
0.338200
0.338206
0.338202
0.338169
0.338191
0.338266
0.338384
0.338421
0.338418
0.338382
0.338215
0.338092
0.338083
0.338110
0.338118
0.338117
0.338111
0.338094
0.338037
0.338010
0.337993
0.337974
0.337946
0.337895
0.337740
0.337143
0.336537
0.336421
0.336437
0.336448
0.336454
0.336460
0.336466
0.336456
0.336500
0.336610
0.336667
0.336670
0.336663
0.336643
0.336571
0.336383
0.336347
0.336358
0.336359
0.336349
0.336336
0.336305
0.336244
0.336161
0.336107
0.336055
0.335994
0.335884
0.335576
0.334793
0.332260
0.330670
0.330373
0.330346
0.330345
0.330358
0.330388
0.330437
0.330500
0.330544
0.330554
0.330554
0.330549
0.330543
0.330522
0.330459
0.330290
0.330242
0.330236
0.330236
0.330228
0.330218
0.330199
0.330163
0.330115
0.330099
0.330092
0.330084
0.330063
0.329996
0.329827
0.329221
0.328709
0.328612
0.328620
0.328655
0.328716
0.328813
0.328853
0.328823
0.328802
0.328804
0.328810
0.328814
0.328824
0.328812
0.328756
0.328583
0.328496
0.328479
0.328476
0.328468
0.328463
0.328460
0.328453
0.328426
0.328424
0.328442
0.328470
0.328494
0.328510
0.328523
0.328545
0.328581
0.328633
0.328705
0.328799
0.328827
0.328830
0.328829
0.328823
0.328791
0.328787
0.328806
0.328815
0.328806
0.328791
0.328763
0.328701
0.328534
0.328435
0.328417
0.328418
0.328416
0.328418
0.328418
0.328417
0.328398
0.328388
0.328386
0.328382
0.328374
0.328351
0.328290
0.328152
0.327823
0.327186
0.327041
0.327026
0.327031
0.327033
0.327042
0.327056
0.327051
0.327012
0.327001
0.327000
0.326996
0.326979
0.326957
0.326921
0.326862
0.326707
0.326630
0.326626
0.326631
0.326630
0.326626
0.326602
0.326570
0.326529
0.326495
0.326495
0.326501
0.326489
0.326319
0.325941
0.325300
0.324100
0.321877
0.321246
0.321178
0.321178
0.321170
0.321164
0.321157
0.321142
0.321106
0.321086
0.321083
0.321085
0.321081
0.321076
0.321063
0.321031
0.320958
0.320830
0.320809
0.320815
0.320835
0.320859
0.320892
0.320933
0.320980
0.320959
0.320938
0.320932
0.320921
0.320885
0.320814
0.320694
0.320479
0.320085
0.319487
0.319375
0.319360
0.319356
0.319348
0.319343
0.319341
0.319338
0.319318
0.319316
0.319330
0.319351
0.319355
0.319346
0.319334
0.319317
0.319266
0.319164
0.319199
0.319247
0.319258
0.319256
0.319262
0.319266
0.319266
0.319250
0.319250
0.319254
0.319257
0.319259
0.319257
0.319263
0.319267
0.319276
0.319287
0.319299
0.319312
0.319326
0.319335
0.319347
0.319363
0.319367
0.319365
0.319363
0.319396
0.319432
0.319470
0.319511
0.319507
0.319471
0.319412
0.319278
0.319214
0.319213
0.319223
0.319220
0.319204
0.319192
0.319176
0.319153
0.319112
0.319093
0.319081
0.319052
0.318990
0.318892
0.318748
0.318534
0.318190
0.317646
0.317571
0.317589
0.317622
0.317649
0.317685
0.317735
0.317755
0.317734
0.317721
0.317729
0.317734
0.317733
0.317722
0.317699
0.317654
0.317583
0.317438
0.317356
0.317330
0.317308
0.317283
0.317253
0.317228
0.317203
0.317170
0.317118
0.317084
0.317029
0.316903
0.316683
0.316354
0.315904
0.315281
0.314342
0.312622
0.312190
0.312156
0.312161
0.312162
0.312164
0.312173
0.312172
0.312158
0.312130
0.312126
0.312122
0.312113
0.312095
0.312071
0.312043
0.312004
0.311939
0.311819
0.311802
0.311817
0.311832
0.311841
0.311853
0.311871
0.311885
0.311898
0.311907
0.311920
0.311897
0.311849
0.311773
0.311664
0.311524
0.311338
0.311062
0.310536
0.310388
0.310380
0.310380
0.310378
0.310373
0.310373
0.310373
0.310372
0.310359
0.310360
0.310371
0.310383
0.310391
0.310384
0.310381
0.310368
0.310340
0.310263
0.310244
0.310272
0.310281
0.310287
0.310293
0.310299
0.310304
0.310309
0.310305
0.310286
0.310291
0.310300
0.310306
0.310309
0.310319
0.310332
0.310345
0.310362
0.310380
0.310398
0.310415
0.310438
0.310457
0.310473
0.310493
0.310513
0.310529
0.310534
0.310563
0.310586
0.310581
0.310569
0.310549
0.310523
0.310490
0.310447
0.310384
0.310269
0.310252
0.310247
0.310243
0.310236
0.310226
0.310219
0.310214
0.310205
0.310179
0.310154
0.310129
0.310090
0.310032
0.309943
0.309838
0.309703
0.309524
0.309287
0.308842
0.308801
0.308807
0.308812
0.308818
0.308820
0.308824
0.308827
0.308829
0.308816
0.308791
0.308784
0.308772
0.308751
0.308719
0.308683
0.308641
0.308592
0.308532
0.308425
0.308370
0.308368
0.308372
0.308365
0.308354
0.308345
0.308337
0.308315
0.308281
0.308214
0.308097
0.307937
0.307717
0.307447
0.307117
0.306738
0.306284
0.305719
0.305003
0.303724
0.303509
0.303505
0.303507
0.303508
0.303508
0.303514
0.303520
0.303528
0.303530
0.303522
0.303537
0.303542
0.303544
0.303541
0.303531
0.303521
0.303507
0.303497
0.303453
0.303353
0.303341
0.303341
0.303341
0.303337
0.303334
0.303327
0.303314
0.303294
0.303263
0.303209
0.303164
0.303105
0.303034
0.302949
0.302851
0.302744
0.302616
0.302457
0.302270
0.301880
0.301820
0.301838
0.301859
0.301881
0.301898
0.301926
0.301941
0.301938
0.301933
0.301914
0.301907
0.301904
0.301900
0.301887
0.301864
0.301842
0.301819
0.301787
0.301747
0.301675
0.301637
0.301649
0.301663
0.301680
0.301697
0.301717
0.301741
0.301760
0.301774
0.301787
0.301795
0.301820
0.301846
0.301881
0.301904
0.301913
0.301925
0.301938
0.301950
0.301960
0.301970
0.301977
0.301978
0.301979
0.301982
0.301979
0.301978
0.301979
0.301977
0.301973
0.301962
0.301951
0.301955
0.301956
0.301955
0.301954
0.301940
0.301930
0.301916
0.301898
0.301870
0.301825
0.301786
0.301790
0.301788
0.301785
0.301782
0.301771
0.301759
0.301744
0.301720
0.301682
0.301628
0.301565
0.301504
0.301438
0.301364
0.301282
0.301193
0.301093
0.300981
0.300855
0.300706
0.300479
0.300250
0.300262
0.300278
0.300294
0.300306
0.300312
0.300319
0.300329
0.300326
0.300304
0.300279
0.300241
0.300219
0.300194
0.300166
0.300136
0.300099
0.300059
0.300016
0.299975
0.299924
0.299876
0.299775
0.299763
0.299752
0.299740
0.299728
0.299707
0.299674
0.299627
0.299549
0.299454
0.299333
0.299175
0.299013
0.298837
0.298638
0.298418
0.298167
0.297887
0.297587
0.297252
0.296887
0.296482
0.295899
0.295335
0.295333
0.295336
0.295339
0.295342
0.295340
0.295341
0.295341
0.295339
0.295336
0.295334
0.295318
0.295317
0.295319
0.295317
0.295309
0.295299
0.295285
0.295271
0.295255
0.295237
0.295216
0.295167
0.295118
0.295117
0.295111
0.295103
0.295091
0.295079
0.295055
0.295025
0.294987
0.294946
0.294897
0.294834
0.294785
0.294731
0.294673
0.294605
0.294535
0.294455
0.294372
0.294279
0.294171
0.294058
0.293879
0.293714
0.293727
0.293741
0.293754
0.293767
0.293766
0.293764
0.293761
0.293757
0.293751
0.293744
0.293732
0.293722
0.293717
0.293711
0.293704
0.293702
0.293693
0.293687
0.293680
0.293671
0.293661
0.293655
0.293601
0.293621
0.293639
0.293655
0.293670
0.293684
0.293696
0.293709
0.293722
0.293735
0.293749
0.293752
0.293745
0.293756
0.293766
0.293775
0.293788
0.293798
0.293806
0.293816
0.293830
0.293840
0.293854
0.293866
0.293875
0.293884
0.293891
0.293898
0.293905
0.293910
0.293909
0.293911
0.293913
0.293907
0.293900
0.293892
0.293873
0.293865
0.293859
0.293856
0.293839
0.293819
0.293800
0.293781
0.293762
0.293737
0.293715
0.293693
0.293651
0.293621
0.293618
0.293609
0.293594
0.293577
0.293554
0.293528
0.293498
0.293463
0.293427
0.293383
0.293330
0.293276
0.293223
0.293164
0.293105
0.293041
0.292971
0.292890
0.292811
0.292724
0.292626
0.292525
0.292438
0.292257
0.292152
0.292146
0.292138
0.292127
0.292113
0.292100
0.292084
0.292069
0.292052
0.292033
0.292017
0.291993
0.291968
0.291947
0.291926
0.291905
0.291884
0.291860
0.291830
0.291800
0.291768
0.291737
0.291703
0.291671
0.291610
0.291540
0.291493
0.291433
0.291362
0.291284
0.291195
0.291103
0.290996
0.290881
0.290761
0.290634
0.290498
0.290357
0.290211
0.290061
0.289907
0.289747
0.289578
0.289404
0.289221
0.289037
0.288845
0.288640
0.288454
0.288305
0.287931
0.287735
0.287735
0.287734
0.287732
0.287727
0.287722
0.287716
0.287707
0.287700
0.287691
0.287686
0.287680
0.287665
0.287654
0.287649
0.287642
0.287637
0.287629
0.287617
0.287608
0.287598
0.287583
0.287566
0.287548
0.287530
0.287488
0.287454
0.287437
0.287418
0.287395
0.287371
0.287345
0.287317
0.287280
0.287246
0.287208
0.287166
0.287128
0.287080
0.287035
0.286995
0.286954
0.286910
0.286862
0.286818
0.286765
0.286717
0.286663
0.286611
0.286563
0.286527
0.286412
0.286365
0.286333
0.286339
0.286341
0.286345
0.286346
0.286346
0.286341
0.286342
0.286342
0.286339
0.286331
0.286323
0.286316
0.286308
0.286299
0.286291
0.286287
0.286278
0.286266
0.286252
0.286244
0.286232
0.286219
0.286210
0.286199
0.286166
0.286152
0.286138
0.286135
0.286130
0.286128
0.286125
0.286117
0.286107
0.286099
0.286092
0.286086
0.286075
0.286062
0.286056
0.286045
0.286034
0.286024
0.286014
0.286001
0.285986
0.285968
0.285953
0.285931
0.285905
0.285880
0.285851
0.285816
0.285784
0.285748
0.285709
0.285664
0.285617
0.285568
0.285515
0.285458
0.285403
0.285339
0.285279
0.285211
0.285141
0.285069
0.284991
0.284909
0.284834
0.284752
0.284659
0.284564
0.284461
0.284358
0.284246
0.284125
0.284006
0.283883
0.283729
0.283595
0.283457
0.283311
0.283160
0.283008
0.282840
0.282674
0.282508
0.282335
0.282152
0.281964
0.281775
0.281579
0.281382
0.281188
0.280981
0.280793
0.280598
0.280413
0.280217
0.280030
0.279753
0.279575
0.279379
0.279204
0.279027
0.278844
0.278686
0.278535
0.278378
0.278238
0.277889
0.277754
0.277618
0.277486
0.277363
0.277234
0.277090
0.276967
0.276848
0.276723
0.276606
0.276487
0.276278
0.276158
0.276031
0.275901
0.275777
0.275652
0.275529
0.275391
0.275270
0.275153
0.275021
0.274890
0.274774
0.274647
0.274517
0.274399
0.274273
0.274147
0.274023
0.273910
0.273795
0.273666
0.273557
0.273449
0.273340
0.273222
0.273120
0.273024
0.272917
0.272721
0.272623
0.272533
0.272435
0.272345
0.272251
0.272167
0.272087
0.272007
0.271909
0.271836
0.271757
0.271682
0.271607
0.271534
0.271465
0.271401
0.271332
0.271260
0.271002
0.270941
0.270871
0.270813
0.270758
0.270696
0.270636
0.270580
0.270523
0.270474
0.270398
0.270345
0.270285
0.270232
0.270183
0.270128
0.270082
0.270033
0.269986
0.269936
0.269884
0.269748
0.269697
0.269654
0.269606
0.269555
0.269501
0.269455
0.269404
0.269354
0.269303
0.269251
0.269174
0.269122
0.269070
0.269020
0.268965
0.268908
0.268852
0.268790
0.268740
0.268687
0.268628
0.268580
0.268527
0.268475
0.268425
0.268372
0.268325
0.268277
0.268220
0.268174
0.268123
0.268076
0.268025
0.267978
0.267935
0.267884
0.267836
0.267769
0.267718
0.267669
0.267622
0.267584
0.267535
0.267479
0.267429
0.267385
0.267342
0.267294
0.267255
0.267212
0.267160
0.267020
0.266979
0.266939
0.266901
0.266857
0.266814
0.266776
0.266734
0.266687
0.266646
0.266604
0.266564
0.266525
0.266484
0.266443
0.266407
0.266348
0.266317
0.266277
0.266237
0.266205
0.266169
0.266133
0.266094
0.266051
0.266015
0.265983
0.265950
0.265917
0.265886
0.265853
0.265825
0.265797
0.265583
0.265556
0.265525
0.265500
0.265473
0.265444
0.265418
0.265384
0.265358
0.265326
0.265302
0.265279
0.265251
0.265225
0.265203
0.265179
0.265155
0.265134
0.265089
0.265065
0.265039
0.265016
0.264996
0.264973
0.264948
0.264924
0.264903
0.264880
0.264853
0.264834
0.264811
0.264789
0.264769
0.264742
0.264724
0.264703
0.264682
0.264660
0.264549
0.264528
0.264507
0.264487
0.264465
0.264443
0.264419
0.264398
0.264380
0.264360
0.264333
0.264313
0.264294
0.264272
0.264246
0.264224
0.264202
0.264181
0.264161
0.264142
0.264125
0.264082
0.264064
0.264044
0.264023
0.264005
0.263985
0.263964
0.263942
0.263923
0.263902
0.263885
0.263867
0.263843
0.263827
0.263808
0.263790
0.263771
0.263753
0.263732
0.263716
0.263699
0.263689
0.263668
0.263651
0.263628
0.263605
0.263581
0.263567
0.263553
0.263534
0.263513
0.263502
0.263484
0.263470
0.263454
0.263438
0.263418
0.263404
0.263387
0.263366
0.263348
0.263332
0.263313
0.263296
0.263278
0.263263
0.263246
0.263228
0.263183
0.263168
0.263151
0.263138
0.263118
0.263105
0.263085
0.263063
0.263045
0.263028
0.263011
0.262993
0.262983
0.262962
0.262935
0.262917
0.262901
0.262887
0.262871
0.262856
0.262837
0.262822
0.262808
0.262787
0.262772
0.262754
0.262738
0.262725
0.262618
0.262602
0.262586
0.262570
0.262554
0.262542
0.262526
0.262513
0.262503
0.262486
0.262474
0.262459
0.262444
0.262432
0.262411
0.262396
0.262379
0.262363
0.262353
0.262340
0.262327
0.262314
0.262301
0.262289
0.262277
0.262266
0.262256
0.262243
0.262230
0.262193
0.262182
0.262168
0.262158
0.262144
0.262130
0.262119
0.262107
0.262098
0.262086
0.262074
0.262060
0.262049
0.262037
0.262023
0.262016
0.261999
0.261989
0.261978
0.261963
0.261954
0.261942
0.261931
0.261917
0.261902
0.261893
0.261881
0.261871
0.261859
0.261850
0.261838
0.261828
0.261634
0.261623
0.261614
0.261603
0.261593
0.261584
0.261576
0.261570
0.261557
0.261546
0.261540
0.261528
0.261518
0.261508
0.261500
0.261493
0.261484
0.261470
0.261461
0.261454
0.261446
0.261436
0.261427
0.261416
0.261405
0.261394
0.261382
0.261378
0.261369
0.261363
0.261347
0.261334
0.261327
0.261314
0.261304
0.261274
0.261261
0.261253
0.261243
0.261234
0.261225
0.261219
0.261212
0.261202
0.261194
0.261180
0.261171
0.261163
0.261158
0.261152
0.261140
0.261135
0.261126
0.261117
0.261107
0.261098
0.261089
0.261083
0.261073
0.261064
0.261059
0.261050
0.261043
0.261033
0.261026
0.261017
0.261006
0.261000
0.260992
0.260984
0.260977
0.260971
0.260964
0.260960
0.260861
0.260856
0.260849
0.260839
0.260833
0.260825
0.260817
0.260808
0.260797
0.260790
0.260777
0.260771
0.260763
0.260759
0.260748
0.260741
0.260735
0.260728
0.260721
0.260715
0.260699
0.260693
0.260686
0.260679
0.260672
0.260665
0.260660
0.260651
0.260644
0.260636
0.260630
0.260621
0.260614
0.260604
0.260599
0.260593
0.260590
0.260582
0.260574
0.260569
0.260563
0.260554
0.260527
0.260523
0.260516
0.260507
0.260500
0.260491
0.260486
0.260480
0.260474
0.260468
0.260463
0.260457
0.260446
0.260440
0.260434
0.260429
0.260420
0.260411
0.260406
0.260402
0.260396
0.260394
0.260382
0.260368
0.260366
0.260359
0.260357
0.260350
0.260345
0.260338
0.260334
0.260326
0.260321
0.260317
0.260311
0.260303
0.260295
0.260291
0.260284
0.260282
0.260274
0.260268
0.260261
0.260254
0.260248
0.260244
0.260235
0.260228
0.260222
0.260222
0.260216
0.260207
0.260204
0.260199
0.260196
0.260191
0.260183
0.260176
0.260169
0.260163
0.260157
0.260153
0.260149
0.260143
0.260136
0.260131
0.260126
0.260122
0.260120
0.260112
0.260106
0.260103
0.260091
0.260089
0.260086
0.260080
0.260070
0.260066
0.260057
0.260051
0.260045
0.260043
0.260041
0.260035
0.260030
0.260021
0.260014
0.260010
0.260003
0.259999
0.259995
0.259992
0.259984
0.259980
0.259976
0.259969
0.259963
0.259959
0.259930
0.259925
0.259920
0.259918
0.259911
0.259908
0.259900
0.259894
0.259890
0.259886
0.259881
0.259878
0.259876
0.259869
0.259861
0.259856
0.259850
0.259847
0.259842
0.259838
0.259834
0.259827
0.259821
0.259816
0.259812
0.259809
0.259809
0.259806
0.259794
0.259789
0.259786
0.259778
0.259775
0.259771
0.259769
0.259765
0.259759
0.259757
0.259751
0.259746
0.259742
0.259738
0.259732
0.259729
0.259725
0.259719
0.259716
0.259712
0.259709
0.259707
0.259703
0.259699
0.259695
0.259692
0.259690
0.259686
0.259685
0.259588
0.259583
0.259584
0.259580
0.259579
0.259576
0.259573
0.259567
0.259564
0.259562
0.259559
0.259553
0.259547
0.259544
0.259535
0.259530
0.259527
0.259522
0.259517
0.259515
0.259513
0.259508
0.259506
0.259500
0.259498
0.259497
0.259493
0.259493
0.259492
0.259488
0.259485
0.259481
0.259478
0.259476
0.259471
0.259468
0.259467
0.259463
0.259461
0.259459
0.259454
0.259450
0.259445
0.259443
0.259440
0.259435
0.259432
0.259428
0.259426
0.259422
0.259416
0.259414
0.259412
0.259410
0.259409
0.259409
0.259408
0.259403
0.259401
0.259398
0.259396
0.259397
0.259394
0.259366
0.259360
0.259358
0.259356
0.259353
0.259351
0.259347
0.259342
0.259338
0.259335
0.259331
0.259328
0.259324
0.259324
0.259322
0.259320
0.259315
0.259313
0.259313
0.259310
0.259307
0.259305
0.259303
0.259301
0.259298
0.259297
0.259292
0.259293
0.259291
0.259293
0.259289
0.259285
0.259285
0.259280
0.259274
0.259272
0.259269
0.259269
0.259269
0.259268
0.259263
0.259261
0.259257
0.259255
0.259254
0.259252
0.259250
0.259247
0.259247
0.259245
0.259243
0.259238
0.259237
0.259234
0.259232
0.259232
0.259233
0.259229
0.259226
0.259224
0.259223
0.259223
0.259223
0.259222
0.259219
0.259215
0.259213
0.259211
0.259210
0.259033
0.259033
0.259030
0.259028
0.259022
0.259018
0.259017
0.259015
0.259013
0.259011
0.259009
0.259008
0.259007
0.259002
0.259003
0.258999
0.258999
0.258996
0.258995
0.258990
0.258990
0.258988
0.258986
0.258984
0.258982
0.258979
0.258981
0.258980
0.258976
0.258970
0.258968
0.258968
0.258964
0.258962
0.258961
0.258961
0.258961
0.258957
0.258948
0.258946
0.258942
0.258939
0.258933
0.258930
0.258923
0.258923
0.258920
0.258921
0.258917
0.258918
0.258917
0.258911
0.258908
0.258905
0.258904
0.258903
0.258901
0.258897
0.258894
0.258892
0.258891
0.258888
0.258887
0.258885
0.258860
0.258859
0.258858
0.258855
0.258852
0.258852
0.258850
0.258846
0.258844
0.258842
0.258840
0.258834
0.258829
0.258828
0.258826
0.258822
0.258817
0.258812
0.258809
0.258806
0.258805
0.258804
0.258794
0.258791
0.258789
0.258782
0.258780
0.258779
0.258779
0.258773
0.258770
0.258766
0.258762
0.258759
0.258758
0.258755
0.258750
0.258749
0.258747
0.258745
0.258743
0.258740
0.258736
0.258734
0.258734
0.258639
0.258638
0.258638
0.258634
0.258633
0.258634
0.258632
0.258630
0.258626
0.258623
0.258621
0.258618
0.258614
0.258613
0.258608
0.258604
0.258601
0.258602
0.258601
0.258598
0.258597
0.258595
0.258594
0.258584
0.258579
0.258577
0.258574
0.258576
0.258572
0.258567
0.258565
0.258561
0.258557
0.258555
0.258555
0.258551
0.258549
0.258546
0.258544
0.258541
0.258538
0.258536
0.258537
0.258535
0.258530
0.258529
0.258525
0.258523
0.258498
0.258499
0.258496
0.258496
0.258496
0.258496
0.258494
0.258492
0.258490
0.258489
0.258488
0.258487
0.258485
0.258482
0.258483
0.258482
0.258478
0.258480
0.258480
0.258479
0.258476
0.258475
0.258476
0.258472
0.258469
0.258468
0.258460
0.258459
0.258457
0.258457
0.258456
0.258455
0.258453
0.258450
0.258449
0.258447
0.258445
0.258446
0.258445
0.258439
0.258436
0.258435
0.258432
0.258431
0.258430
0.258425
0.258421
0.258419
0.258419
0.258418
0.258416
0.258414
0.258411
0.258410
0.258408
0.258408
0.258408
0.258407
0.258403
0.258401
0.258400
0.258399
0.258399
0.258398
0.258395
0.258395
0.258390
0.258388
0.258386
0.258387
0.258386
0.258386
0.258386
0.258385
0.258383
0.258381
0.258382
0.258384
0.258384
0.258384
0.258383
0.258379
0.258378
0.258377
0.258378
0.258376
0.258375
0.258374
0.258374
0.258374
0.258373
0.258376
0.258376
0.258377
0.258381
0.258379
0.258380
0.258382
0.258384
0.258387
0.258389
0.258390
0.258391
0.258391
0.258392
0.258396
0.258397
0.258399
0.258401
0.258401
0.258380
0.258378
0.258379
0.258382
0.258383
0.258385
0.258386
0.258389
0.258389
0.258391
0.258391
0.258394
0.258393
0.258393
0.258395
0.258394
0.258392
0.258395
0.258395
0.258396
0.258396
0.258394
0.258394
0.258395
0.258394
0.258393
0.258392
0.258392
0.258393
0.258394
0.258396
0.258396
0.258390
0.258390
0.258392
0.258390
0.258390
0.258390
0.258391
0.258391
0.258393
0.258394
0.258395
0.258395
0.258394
0.258392
0.258390
0.258389
0.258388
0.258387
0.258386
0.258383
0.258384
0.258384
0.258382
0.258377
0.258377
0.258378
0.258375
0.258372
0.258370
0.258369
0.258366
0.258365
0.258268
0.258265
0.258262
0.258258
0.258257
0.258253
0.258250
0.258248
0.258245
0.258243
0.258240
0.258240
0.258236
0.258233
0.258234
0.258236
0.258237
0.258238
0.258238
0.258239
0.258238
0.258239
0.258241
0.258246
0.258247
0.258249
0.258250
0.258253
0.258253
0.258253
0.258252
0.258251
0.258251
0.258251
0.258250
0.258246
0.258248
0.258247
0.258248
0.258247
0.258244
0.258245
0.258244
0.258243
0.258244
0.258245
0.258245
0.258246
0.258245
0.258243
0.258243
0.258242
0.258242
0.258240
0.258240
0.258239
0.258237
0.258235
0.258235
0.258233
0.258232
0.258228
0.258221
0.258212
0.258205
0.258195
0.258188
0.258176
0.258167
0.258159
0.258151
0.258120
0.258117
0.258114
0.258112
0.258111
0.258107
0.258107
0.258105
0.258106
0.258104
0.258103
0.258102
0.258103
0.258102
0.258104
0.258102
0.258102
0.258103
0.258102
0.258102
0.258106
0.258106
0.258106
0.258107
0.258105
0.258105
0.258101
0.258098
0.258096
0.258093
0.258091
0.258091
0.258091
0.258091
0.258090
0.258089
0.258090
0.258089
0.258090
0.258087
0.258085
0.258086
0.258083
0.258081
0.258080
0.258081
0.258084
0.258084
0.258083
0.258085
0.258083
0.258082
0.258082
0.258082
0.258082
0.258082
0.258083
0.258081
0.258052
0.258022
0.258017
0.258019
0.258018
0.258019
0.258019
0.258018
0.258018
0.258017
0.258017
0.258017
0.258017
0.258016
0.258017
0.258017
0.258014
0.258012
0.258012
0.258013
0.258014
0.257839
0.257839
0.257840
0.257840
0.257841
0.257841
0.257840
0.257838
0.257836
0.257833
0.257831
0.257828
0.257827
0.257825
0.257823
0.257823
0.257824
0.257823
0.257824
0.257824
0.257826
0.257823
0.257823
0.257823
0.257823
0.257822
0.257823
0.257823
0.257825
0.257823
0.257822
0.257820
0.257820
0.257819
0.257820
0.257821
0.257823
0.257825
0.257826
0.257828
0.257831
0.257835
0.257837
0.257833
0.257836
0.257838
0.257839
0.257843
0.257844
0.257842
0.257843
0.257845
0.257845
0.257847
0.257846
0.257846
0.257845
0.257846
0.257848
0.257847
0.257846
0.257845
0.257844
0.257844
0.257844
0.257842
0.257840
0.257839
0.257840
0.257840
0.257840
0.257838
0.257837
0.257836
0.257839
0.257839
0.257839
0.257838
0.257838
0.257837
0.257837
0.257837
0.257838
0.257835
0.257832
0.257829
0.257828
0.257827
0.257802
0.257800
0.257799
0.257797
0.257793
0.257790
0.257785
0.257785
0.257782
0.257780
0.257778
0.257775
0.257773
0.257769
0.257768
0.257767
0.257766
0.257766
0.257766
0.257762
0.257762
0.257763
0.257760
0.257761
0.257759
0.257763
0.257764
0.257765
0.257767
0.257767
0.257769
0.257770
0.257770
0.257769
0.257770
0.257771
0.257770
0.257771
0.257771
0.257765
0.257766
0.257765
0.257763
0.257764
0.257760
0.257757
0.257756
0.257755
0.257749
0.257746
0.257746
0.257745
0.257743
0.257739
0.257735
0.257732
0.257730
0.257727
0.257722
0.257718
0.257714
0.257709
0.257708
0.257702
0.257699
0.257695
0.257691
0.257688
0.257686
0.257684
0.257681
0.257680
0.257676
0.257673
0.257671
0.257668
0.257667
0.257665
0.257663
0.257662
0.257660
0.257660
0.257661
0.257660
0.257659
0.257656
0.257655
0.257652
0.257652
0.257651
0.257651
0.257650
0.257648
0.257650
0.257646
0.257645
0.257645
0.257550
0.257548
0.257546
0.257546
0.257550
0.257547
0.257547
0.257544
0.257543
0.257542
0.257541
0.257540
0.257539
0.257535
0.257531
0.257530
0.257528
0.257529
0.257526
0.257525
0.257524
0.257524
0.257522
0.257522
0.257520
0.257520
0.257518
0.257517
0.257517
0.257517
0.257517
0.257515
0.257514
0.257514
0.257513
0.257513
0.257512
0.257511
0.257509
0.257508
0.257505
0.257507
0.257507
0.257509
0.257509
0.257509
0.257510
0.257509
0.257508
0.257506
