0.716065
0.715863
0.715596
0.715155
0.715078
0.715030
0.715022
0.715017
0.715002
0.714985
0.714957
0.714950
0.714942
0.714934
0.714928
0.714894
0.714842
0.714751
0.714764
0.714758
0.714754
0.714749
0.714742
0.714718
0.714688
0.714682
0.714675
0.714668
0.714654
0.714525
0.713084
0.711181
0.710532
0.710427
0.710385
0.710377
0.710373
0.710356
0.710330
0.710308
0.710305
0.710297
0.710289
0.710291
0.710338
0.710597
0.712497
0.714088
0.714862
0.714970
0.714992
0.714995
0.714972
0.714941
0.714928
0.714925
0.714917
0.714908
0.714896
0.714800
0.714262
0.713848
0.713818
0.713813
0.713803
0.713797
0.713792
0.713773
0.713737
0.713725
0.713723
0.713715
0.713706
0.713701
0.713686
0.713562
0.713473
0.713515
0.713531
0.713522
0.713515
0.713512
0.713503
0.713464
0.713443
0.713441
0.713437
0.713421
0.713293
0.712427
0.705337
0.678645
0.667391
0.666989
0.666955
0.666944
0.666940
0.666936
0.666925
0.666891
0.666879
0.666877
0.666873
0.666864
0.666860
0.666858
0.666851
0.666771
0.666891
0.667005
0.667013
0.667006
0.667001
0.666998
0.666992
0.666968
0.666940
0.666938
0.666935
0.666930
0.666920
0.666913
0.666882
0.666697
0.666077
0.665963
0.665958
0.665955
0.665946
0.665942
0.665938
0.665932
0.665898
0.665880
0.665877
0.665874
0.665868
0.665860
0.665859
0.665855
0.665817
0.665720
0.665713
0.665710
0.665707
0.665697
0.665693
0.665690
0.665683
0.665649
0.665632
0.665629
0.665626
0.665620
0.665608
0.665577
0.665417
0.664454
0.661862
0.661653
0.661647
0.661644
0.661633
0.661630
0.661626
0.661621
0.661587
0.661567
0.661565
0.661566
0.661579
0.661629
0.661827
0.662359
0.663072
0.662948
0.662934
0.662930
0.662928
0.662917
0.662914
0.662912
0.662909
0.662879
0.662851
0.662849
0.662846
0.662842
0.662833
0.662832
0.662813
0.662659
0.661923
0.661835
0.661832
0.661829
0.661820
0.661816
0.661816
0.661810
0.661788
0.661750
0.661749
0.661749
0.661753
0.661766
0.661824
0.661828
0.661798
0.661626
0.661578
0.661575
0.661572
0.661566
0.661561
0.661559
0.661553
0.661536
0.661493
0.661492
0.661490
0.661493
0.661493
0.661445
0.661158
0.659624
0.650197
0.645050
0.645036
0.645034
0.645032
0.645022
0.645020
0.645015
0.645004
0.644968
0.645001
0.645111
0.645344
0.645373
0.645367
0.645362
0.645345
0.645262
0.645104
0.645103
0.645103
0.645100
0.645087
0.645085
0.645082
0.645075
0.645040
0.645025
0.645038
0.645037
0.645031
0.645020
0.645013
0.644976
0.644789
0.643996
0.643966
0.643963
0.643959
0.643950
0.643946
0.643947
0.643952
0.643968
0.643987
0.643986
0.643982
0.643978
0.643967
0.643964
0.643956
0.643920
0.643717
0.643700
0.643697
0.643694
0.643686
0.643681
0.643685
0.643694
0.643672
0.643634
0.643632
0.643629
0.643624
0.643613
0.643614
0.643486
0.642756
0.639406
0.639317
0.639313
0.639310
0.639298
0.639294
0.639290
0.639281
0.639243
0.639221
0.639218
0.639215
0.639210
0.639204
0.639202
0.639195
0.639097
0.638929
0.638926
0.638929
0.638944
0.638934
0.638932
0.638929
0.638917
0.638861
0.638859
0.638859
0.638861
0.638844
0.638843
0.638839
0.638838
0.637943
0.637757
0.637834
0.637850
0.637846
0.637839
0.637838
0.637835
0.637834
0.637773
0.637771
0.637767
0.637765
0.637753
0.637749
0.637745
0.637743
0.637648
0.637512
0.637497
0.637491
0.637490
0.637476
0.637473
0.637469
0.637471
0.637428
0.637407
0.637401
0.637399
0.637392
0.637382
0.637508
0.637739
0.637814
0.637840
0.637847
0.637845
0.637843
0.637830
0.637830
0.637828
0.637826
0.637785
0.637761
0.637754
0.637751
0.637757
0.637758
0.637758
0.637756
0.637753
0.637509
0.637481
0.637474
0.637474
0.637460
0.637457
0.637454
0.637452
0.637396
0.637423
0.637471
0.637485
0.637478
0.637476
0.637473
0.637471
0.636661
0.636400
0.636351
0.636339
0.636325
0.636320
0.636316
0.636326
0.636288
0.636273
0.636268
0.636267
0.636254
0.636249
0.636248
0.636248
0.636043
0.635976
0.635961
0.635957
0.636228
0.637254
0.637634
0.637781
0.637772
0.637770
0.637768
0.637770
0.637758
0.637756
0.637752
0.637401
0.633693
0.633227
0.633140
0.633119
0.633111
0.633108
0.633105
0.633058
0.633040
0.633034
0.633032
0.633018
0.633014
0.633010
0.633062
0.632856
0.632837
0.632833
0.632824
0.632816
0.632814
0.632814
0.632762
0.632745
0.632739
0.632737
0.632730
0.632739
0.632740
0.632124
0.631654
0.631576
0.631561
0.631547
0.631543
0.631539
0.631514
0.631471
0.631674
0.631868
0.631925
0.631943
0.631946
0.631932
0.631686
0.631658
0.631651
0.631637
0.631632
0.631628
0.631637
0.631586
0.631579
0.631577
0.631562
0.631560
0.631558
0.623448
0.614033
0.612598
0.612366
0.612364
0.612383
0.612386
0.612345
0.612320
0.612315
0.612316
0.612299
0.612295
0.612292
0.612075
0.612018
0.612013
0.612004
0.611995
0.611990
0.611991
0.611930
0.611918
0.611913
0.611900
0.612021
0.614627
0.615388
0.614529
0.614517
0.614547
0.614547
0.614547
0.614544
0.614504
0.614470
0.614472
0.614484
0.614472
0.614469
0.614466
0.614237
0.614166
0.614154
0.614142
0.614132
0.614127
0.614203
0.614173
0.614172
0.614173
0.614159
0.614158
0.614156
0.611274
0.609287
0.609056
0.609031
0.609019
0.609016
0.609016
0.608947
0.608937
0.608936
0.608921
0.608917
0.608912
0.608937
0.609069
0.609122
0.609133
0.609129
0.609130
0.609132
0.609058
0.609049
0.609046
0.609046
0.609051
0.609052
0.607947
0.607764
0.607747
0.607730
0.607725
0.607720
0.607660
0.607745
0.607764
0.607757
0.607752
0.607750
0.607553
0.607433
0.607421
0.607407
0.607419
0.607423
0.607382
0.607345
0.607338
0.607333
0.607323
0.607312
0.590289
0.574247
0.573824
0.573896
0.573922
0.573930
0.573911
0.573871
0.573866
0.573861
0.573860
0.573866
0.573784
0.573604
0.573589
0.573588
0.573576
0.573572
0.573551
0.573566
0.573592
0.573579
0.573472
0.572742
0.572482
0.572464
0.572466
0.572431
0.572405
0.572401
0.572393
0.572358
0.572485
0.572530
0.572531
0.572484
0.572384
0.572272
0.571350
0.568823
0.567914
0.567890
0.567890
0.567900
0.567891
0.567858
0.567712
0.567620
0.567608
0.567588
0.567551
0.567481
0.567342
0.566747
0.566429
0.566324
0.566302
0.566270
0.566244
0.566197
0.566046
0.566001
0.565995
0.566004
0.565983
0.565817
0.561322
0.551351
0.547996
0.546770
0.546685
0.546785
0.546998
0.546973
0.546851
0.546823
0.546816
0.546779
0.546755
0.546741
0.546387
0.545691
0.545639
0.545612
0.545560
0.545541
0.545535
0.545538
0.545262
0.545235
0.545218
0.546317
0.547168
0.547261
0.547316
0.543035
0.542462
0.542396
0.542344
0.542305
0.542288
0.542374
0.542135
0.542090
0.542074
0.542067
0.542017
0.542004
0.541998
0.540994
0.540974
0.541207
0.541221
0.541162
0.541154
0.541169
0.540927
0.540860
0.540841
0.540840
0.540876
0.540868
0.540862
0.540864
0.540883
0.540873
0.540870
0.540795
0.540923
0.543409
0.543303
0.543320
0.543363
0.543426
0.543378
0.543384
0.543387
0.542223
0.542171
0.542146
0.542090
0.542060
0.542068
0.542063
0.541745
0.541718
0.542141
0.542129
0.542131
0.542122
0.540640
0.536774
0.536661
0.536632
0.536619
0.536643
0.536626
0.536330
0.536291
0.536289
0.536279
0.536203
0.536398
0.538095
0.536845
0.536824
0.536840
0.536844
0.536866
0.536874
0.536797
0.536674
0.536661
0.536663
0.536586
0.536599
0.536591
0.515718
0.514017
0.514193
0.514042
0.513947
0.513886
0.513892
0.513547
0.513524
0.513586
0.513561
0.513561
0.513545
0.512514
0.512129
0.512098
0.512088
0.511996
0.511971
0.511964
0.511615
0.511618
0.511596
0.511537
0.511502
0.511602
0.511588
0.505758
0.505609
0.505584
0.505476
0.505456
0.505435
0.505819
0.505587
0.505574
0.505584
0.505523
0.505535
0.505525
0.504233
0.504165
0.504142
0.504134
0.504072
0.504052
0.504055
0.503684
0.505810
0.505860
0.505827
0.505873
0.505904
0.505580
0.485986
0.485795
0.485690
0.485569
0.485519
0.485475
0.485158
0.485103
0.485254
0.485486
0.485425
0.485419
0.485439
0.484243
0.484210
0.484193
0.484297
0.484228
0.484220
0.484236
0.483939
0.483937
0.483922
0.485470
0.485536
0.485566
0.485592
0.480492
0.480423
0.480395
0.480442
0.480466
0.480473
0.480479
0.480184
0.480167
0.480176
0.480521
0.480572
0.480582
0.480466
0.479307
0.479288
0.479295
0.479331
0.479351
0.479347
0.479033
0.479048
0.479035
0.479043
0.480502
0.480570
0.480618
0.459466
0.458981
0.458751
0.458637
0.458606
0.458569
0.458547
0.458170
0.458156
0.458122
0.458104
0.458444
0.458443
0.458463
0.457137
0.457126
0.457116
0.457122
0.457155
0.457152
0.457171
0.456862
0.456865
0.456858
0.456862
0.456779
0.456773
0.456779
0.451194
0.451092
0.451028
0.451104
0.451003
0.450969
0.450953
0.450615
0.450597
0.450562
0.451010
0.450934
0.450922
0.450950
0.449533
0.449512
0.449481
0.449588
0.449511
0.449514
0.449522
0.449171
0.449172
0.450958
0.451025
0.450994
0.451028
0.451069
0.451104
0.451132
0.451255
0.451295
0.451254
0.451322
0.451349
0.451390
0.451492
0.451513
0.451553
0.451524
0.451552
0.451567
0.451634
0.450231
0.450224
0.450239
0.450198
0.450220
0.450220
0.451063
0.450721
0.450738
0.450778
0.450713
0.450734
0.450852
0.450880
0.444616
0.444578
0.444520
0.444416
0.444892
0.444879
0.444885
0.444523
0.444520
0.444500
0.444555
0.444516
0.444507
0.444542
0.442962
0.442954
0.444643
0.444691
0.444648
0.444688
0.444715
0.444355
0.444490
0.444494
0.444522
0.444480
0.444510
0.444528
0.422892
0.418830
0.418564
0.418412
0.418176
0.418069
0.418072
0.417978
0.417533
0.417493
0.417412
0.417277
0.417206
0.417152
0.417126
0.415519
0.415429
0.415383
0.415475
0.415366
0.415348
0.415332
0.415297
0.414893
0.415312
0.415300
0.415275
0.415219
0.415205
0.415194
0.410033
0.408471
0.408394
0.408372
0.408250
0.408251
0.410161
0.410241
0.409862
0.409878
0.409875
0.409889
0.409910
0.409922
0.409920
0.409873
0.408267
0.408309
0.408732
0.408746
0.408684
0.408721
0.408727
0.408681
0.408446
0.408457
0.408474
0.408464
0.408420
0.408461
0.408489
0.407922
0.407688
0.407684
0.407686
0.407699
0.407704
0.407698
0.407718
0.407447
0.407384
0.407719
0.407748
0.407730
0.407705
0.407713
0.407705
0.407778
0.406412
0.406402
0.406401
0.406402
0.406325
0.407679
0.407744
0.407765
0.407483
0.407479
0.407484
0.407581
0.407538
0.407542
0.407563
0.407577
0.404079
0.402062
0.401900
0.401872
0.401845
0.401753
0.401775
0.401790
0.401786
0.401451
0.401392
0.401370
0.401357
0.401279
0.401253
0.401249
0.401248
0.400887
0.399770
0.399681
0.399648
0.399649
0.399564
0.399560
0.399844
0.399939
0.399653
0.399573
0.399554
0.399562
0.399614
0.399563
0.399564
0.399563
0.399294
0.382179
0.378122
0.377382
0.377155
0.376994
0.376838
0.376778
0.376698
0.376615
0.376273
0.376131
0.376053
0.376201
0.376238
0.376163
0.376127
0.376082
0.376041
0.375104
0.374693
0.374531
0.374486
0.374449
0.374356
0.374306
0.374263
0.374231
0.374156
0.373888
0.373826
0.373820
0.373814
0.373772
0.373718
0.373695
0.373757
0.373795
0.370198
0.368527
0.367867
0.367690
0.367649
0.367558
0.367511
0.367471
0.367436
0.367421
0.367755
0.368026
0.368172
0.368212
0.368203
0.368155
0.368180
0.368176
0.368168
0.367854
0.366948
0.366777
0.366821
0.366866
0.366876
0.366831
0.366814
0.366818
0.366838
0.366733
0.366546
0.366497
0.366458
0.366443
0.366402
0.366352
0.366340
0.366321
0.366323
0.366358
0.366376
0.366386
0.366388
0.366397
0.366451
0.366549
0.366602
0.366637
0.366642
0.366522
0.366381
0.366361
0.366343
0.366350
0.366348
0.366514
0.366978
0.367188
0.367302
0.366926
0.366224
0.366069
0.365979
0.365940
0.365933
0.365912
0.365961
0.366081
0.366143
0.366105
0.365964
0.365925
0.365921
0.365930
0.365920
0.365883
0.365854
0.365803
0.365666
0.364546
0.361527
0.360231
0.359615
0.359216
0.359025
0.358934
0.358880
0.358848
0.358880
0.358928
0.358823
0.358722
0.358699
0.358676
0.358673
0.358651
0.358623
0.358623
0.358676
0.358849
0.358753
0.358234
0.358050
0.357986
0.357932
0.357902
0.357878
0.357860
0.357861
0.357888
0.357947
0.357897
0.357814
0.357800
0.357787
0.357748
0.357683
0.357573
0.357441
0.357241
0.356665
0.353847
0.347949
0.343093
0.341072
0.339832
0.338989
0.338510
0.338270
0.338118
0.338013
0.337944
0.337856
0.337710
0.337573
0.337492
0.337432
0.337374
0.337313
0.337252
0.337226
0.337281
0.337396
0.337419
0.337172
0.336779
0.336608
0.336501
0.336425
0.336354
0.336293
0.336257
0.336262
0.336288
0.336304
0.336267
0.336182
0.336103
0.336055
0.336005
0.335957
0.335893
0.335819
0.335735
0.335642
0.335477
0.335049
0.334049
0.332574
0.331231
0.330544
0.330076
0.329755
0.329537
0.329414
0.329367
0.329339
0.329315
0.329273
0.329204
0.329113
0.329029
0.328986
0.328978
0.329020
0.329105
0.329197
0.329249
0.329292
0.329287
0.329208
0.329021
0.328735
0.328422
0.328275
0.328183
0.328129
0.328103
0.328081
0.328065
0.328062
0.328057
0.328039
0.327996
0.327929
0.327863
0.327797
0.327759
0.327726
0.327698
0.327677
0.327663
0.327650
0.327653
0.327667
0.327698
0.327742
0.327785
0.327831
0.327868
0.327904
0.327935
0.327961
0.327987
0.328023
0.328090
0.328165
0.328238
0.328296
0.328323
0.328338
0.328343
0.328357
0.328368
0.328375
0.328381
0.328393
0.328399
0.328389
0.328327
0.328208
0.328031
0.327815
0.327639
0.327424
0.327315
0.327225
0.327144
0.327085
0.327047
0.327016
0.326991
0.326965
0.326936
0.326912
0.326842
0.326786
0.326726
0.326692
0.326652
0.326608
0.326562
0.326503
0.326389
0.326169
0.325773
0.325231
0.324519
0.323740
0.323105
0.322281
0.321882
0.321538
0.321254
0.321031
0.320873
0.320761
0.320687
0.320631
0.320578
0.320531
0.320466
0.320411
0.320343
0.320298
0.320251
0.320204
0.320156
0.320111
0.320058
0.319979
0.319879
0.319755
0.319612
0.319444
0.319270
0.319139
0.318946
0.318873
0.318807
0.318748
0.318713
0.318701
0.318701
0.318708
0.318725
0.318740
0.318683
0.318534
0.318399
0.318291
0.318173
0.318080
0.317980
0.317870
0.317729
0.317532
0.317185
0.316581
0.315733
0.314744
0.313578
0.312327
0.310973
0.309827
0.308172
0.307416
0.306749
0.306164
0.305663
0.305246
0.304887
0.304594
0.304362
0.304197
0.304052
0.303931
0.303835
0.303769
0.303713
0.303654
0.303615
0.303590
0.303566
0.303534
0.303494
0.303436
0.303359
0.303279
0.303182
0.303079
0.302973
0.302863
0.302750
0.302660
0.302583
0.302431
0.302368
0.302308
0.302243
0.302181
0.302122
0.302067
0.302014
0.301973
0.301852
0.301722
0.301634
0.301565
0.301512
0.301463
0.301391
0.301333
0.301248
0.301129
0.300946
0.300712
0.300445
0.300153
0.299855
0.299536
0.299184
0.298847
0.298476
0.298188
0.297931
0.297363
0.297144
0.296942
0.296745
0.296556
0.296380
0.296221
0.296098
0.295959
0.295841
0.295721
0.295578
0.295491
0.295417
0.295363
0.295316
0.295285
0.295246
0.295196
0.295128
0.295061
0.294991
0.294916
0.294838
0.294763
0.294713
0.294630
0.294542
0.294474
0.294408
0.294355
0.294308
0.294269
0.294142
0.294106
0.294062
0.294026
0.293991
0.293971
0.293939
0.293911
0.293877
0.293858
0.293844
0.293822
0.293800
0.293786
0.293777
0.293777
0.293780
0.293760
0.293766
0.293777
0.293793
0.293801
0.293806
0.293814
0.293822
0.293825
0.293838
0.293850
0.293862
0.293883
0.293901
0.293914
0.293929
0.293952
0.293966
0.293980
0.293991
0.294001
0.294011
0.294016
0.294026
0.294033
0.294028
0.294038
0.294030
0.294013
0.293988
0.293989
0.293983
0.293973
0.293955
0.293907
0.293885
0.293853
0.293822
0.293792
0.293758
0.293715
0.293675
0.293638
0.293589
0.293546
0.293503
0.293455
0.293406
0.293369
0.293334
0.293301
0.293269
0.293138
0.293107
0.293071
0.293035
0.292995
0.292953
0.292911
0.292860
0.292806
0.292745
0.292677
0.292594
0.292492
0.292362
0.292192
0.292031
0.291896
0.291753
0.291601
0.291420
0.291248
0.291070
0.290891
0.290704
0.290523
0.290331
0.290145
0.289930
0.289736
0.289537
0.289317
0.289115
0.288933
0.288742
0.288580
0.288423
0.288287
0.288151
0.287610
0.287477
0.287351
0.287229
0.287116
0.287008
0.286900
0.286789
0.286696
0.286598
0.286489
0.286387
0.286286
0.286178
0.286072
0.285965
0.285860
0.285760
0.285670
0.285590
0.285484
0.285403
0.285321
0.285245
0.285168
0.285096
0.285026
0.284955
0.284881
0.284815
0.284738
0.284663
0.284592
0.284520
0.284453
0.284383
0.284325
0.284254
0.284183
0.284113
0.284042
0.283865
0.283788
0.283715
0.283641
0.283572
0.283486
0.283397
0.283302
0.283198
0.283080
0.282946
0.282791
0.282622
0.282442
0.282243
0.282038
0.281816
0.281581
0.281342
0.281093
0.280826
0.280545
0.280273
0.280049
0.279828
0.279613
0.279401
0.279175
0.278954
0.278719
0.278508
0.278275
0.278039
0.277792
0.277577
0.277360
0.277157
0.276956
0.276770
0.276623
0.276460
0.276301
0.276151
0.276009
0.275852
0.275132
0.274998
0.274879
0.274761
0.274639
0.274540
0.274434
0.274330
0.274221
0.274120
0.274025
0.273924
0.273817
0.273722
0.273624
0.273526
0.273432
0.273338
0.273245
0.273159
0.273070
0.272982
0.272891
0.272808
0.272698
0.272612
0.272535
0.272456
0.272382
0.272308
0.272234
0.272170
0.272100
0.272047
0.271979
0.271914
0.271855
0.271789
0.271729
0.271674
0.271617
0.271566
0.271523
0.271473
0.271419
0.271365
0.271315
0.271264
0.271214
0.271161
0.271007
0.270950
0.270897
0.270839
0.270778
0.270713
0.270647
0.270574
0.270501
0.270425
0.270347
0.270274
0.270195
0.270108
0.270017
0.269924
0.269830
0.269739
0.269645
0.269556
0.269457
0.269362
0.269253
0.269151
0.269043
0.268940
0.268836
0.268695
0.268592
0.268490
0.268384
0.268275
0.268143
0.268040
0.267941
0.267830
0.267726
0.267594
0.267489
0.267370
0.267269
0.267165
0.267051
0.266961
0.266869
0.266770
0.266683
0.266609
0.266547
0.266482
0.266393
0.266332
0.266266
0.266210
0.266146
0.266093
0.266033
0.265574
0.265517
0.265467
0.265427
0.265371
0.265316
0.265267
0.265227
0.265180
0.265137
0.265094
0.265055
0.265011
0.264971
0.264935
0.264894
0.264849
0.264814
0.264777
0.264737
0.264701
0.264665
0.264630
0.264596
0.264562
0.264529
0.264499
0.264466
0.264436
0.264408
0.264380
0.264350
0.264296
0.264270
0.264247
0.264220
0.264192
0.264166
0.264141
0.264120
0.264091
0.264070
0.264045
0.264022
0.264011
0.263988
0.263970
0.263951
0.263930
0.263908
0.263890
0.263874
0.263865
0.263851
0.263836
0.263825
0.263813
0.263801
0.263790
0.263782
0.263778
0.263769
0.263765
0.263760
0.263751
0.263747
0.263738
0.263632
0.263627
0.263622
0.263620
0.263619
0.263612
0.263609
0.263609
0.263608
0.263613
0.263610
0.263610
0.263612
0.263609
0.263609
0.263612
0.263614
0.263612
0.263614
0.263609
0.263619
0.263620
0.263621
0.263622
0.263623
0.263626
0.263629
0.263628
0.263632
0.263634
0.263638
0.263648
0.263654
0.263661
0.263665
0.263671
0.263676
0.263684
0.263687
0.263665
0.263669
0.263676
0.263681
0.263684
0.263687
0.263694
0.263696
0.263696
0.263706
0.263711
0.263715
0.263719
0.263726
0.263730
0.263744
0.263747
0.263751
0.263755
0.263761
0.263766
0.263765
0.263770
0.263774
0.263780
0.263784
0.263794
0.263799
0.263801
0.263803
0.263804
0.263805
0.263807
0.263811
0.263813
0.263814
0.263819
0.263823
0.263830
0.263832
0.263834
0.263836
0.263837
0.263836
0.263840
0.263840
0.263839
0.263838
0.263838
0.263835
0.263835
0.263835
0.263833
0.263833
0.263832
0.263827
0.263829
0.263822
0.263819
0.263816
0.263815
0.263813
0.263810
0.263814
0.263809
0.263806
0.263802
0.263797
0.263786
0.263780
0.263775
0.263770
0.263769
0.263764
0.263756
0.263757
0.263748
0.263742
0.263737
0.263730
0.263722
0.263712
0.263706
0.263702
0.263695
0.263689
0.263683
0.263679
0.263680
0.263673
0.263663
0.263656
0.263646
0.263637
0.263598
0.263587
0.263576
0.263567
0.263561
0.263552
0.263544
0.263537
0.263526
0.263514
0.263503
0.263493
0.263481
0.263471
0.263459
0.263445
0.263433
0.263423
0.263409
0.263397
0.263389
0.263385
0.263373
0.263359
0.263348
0.263336
0.263324
0.263311
0.263301
0.263286
0.263273
0.263261
0.263254
0.263239
0.263228
0.263227
0.263217
0.263203
0.263192
0.263181
0.263169
0.263153
0.263140
0.263127
0.263114
0.263100
0.263090
0.263080
0.263067
0.263057
0.263052
0.263041
0.263026
0.263013
0.263000
0.262987
0.262971
0.262960
0.262946
0.262932
0.262809
0.262796
0.262782
0.262766
0.262749
0.262733
0.262715
0.262697
0.262681
0.262665
0.262651
0.262636
0.262622
0.262606
0.262592
0.262572
0.262559
0.262544
0.262525
0.262508
0.262501
0.262486
0.262521
0.262506
0.262488
0.262473
0.262454
0.262434
0.262419
0.262401
0.262380
0.262362
0.262339
0.262318
0.262299
0.262282
0.262264
0.262245
0.262222
0.262202
0.262179
0.262155
0.262135
0.262110
0.262088
0.262066
0.262045
0.262024
0.262004
0.261984
0.261963
0.261942
0.261931
0.261909
0.261888
0.261866
0.261844
0.261824
0.261800
0.261777
0.261754
0.261732
0.261713
0.261695
0.261672
0.261654
0.261634
0.261615
0.261588
0.261561
0.261532
0.261511
0.261491
0.261469
0.261446
0.261392
0.261364
0.261340
0.261316
0.261295
0.261275
0.261253
0.261227
0.261195
0.261175
0.261160
0.261134
0.261115
0.261096
0.261064
0.261037
0.261014
0.260986
0.260964
0.260947
0.260926
0.260899
0.260875
0.260842
0.260810
0.260785
0.260768
0.260747
0.260721
0.260703
0.260684
0.260661
0.260637
0.260622
0.260608
0.260589
0.260568
0.260541
0.260523
0.260510
0.260493
0.260469
0.260449
0.260430
0.260407
0.260391
0.260378
0.260362
0.260351
0.260339
0.260318
0.260302
0.260288
0.260263
0.260254
0.260243
0.260226
0.260215
0.260204
0.260186
0.260178
0.260110
0.260093
0.260080
0.260067
0.260057
0.260046
0.260036
0.260024
0.260011
0.260003
0.259995
0.259983
0.259976
0.259961
0.259953
0.259946
0.259936
0.259928
0.259918
0.259911
0.259900
0.259893
0.259882
0.259872
0.259864
0.259858
0.259858
0.259850
0.259845
0.259838
0.259832
0.259826
0.259819
0.259366
0.259359
0.259350
0.259344
0.259338
0.259333
0.259330
0.259325
0.259320
0.259317
0.259311
0.259307
0.259301
0.259304
0.259299
0.259296
0.259292
0.259287
0.259284
0.259279
0.259273
0.259270
0.259265
0.259264
0.259259
0.259256
0.259252
0.259246
0.259241
0.259238
0.259233
0.259227
0.259222
0.259216
0.259221
0.259216
0.259214
0.259212
0.259208
0.259207
0.259206
0.259204
0.259199
0.259195
0.259191
0.259191
0.259186
0.259183
0.259180
0.259175
0.259170
0.259166
0.259163
0.259160
0.259156
0.259151
0.259141
0.259138
0.259133
0.259129
0.259126
0.259124
0.259121
0.259118
0.259114
0.259111
0.259110
0.259107
0.259102
0.259099
0.259095
0.259092
0.259090
0.259087
0.259084
0.259083
0.259080
0.259076
0.259082
0.259077
0.259073
0.259070
0.259068
0.259064
0.259060
0.259056
0.259052
0.259049
0.259047
0.259048
0.259045
0.259042
0.259040
0.259035
0.259032
0.259030
0.259026
0.259025
0.259022
0.259018
0.259022
0.259020
0.259017
0.259012
0.259009
0.259005
0.259002
0.259000
0.258995
0.258993
0.258990
0.258984
0.258982
0.258979
0.258975
0.258971
0.258967
0.258965
0.258962
0.258933
0.258928
0.258924
0.258922
0.258919
0.258924
0.258921
0.258917
0.258912
0.258908
0.258904
0.258903
0.258900
0.258897
0.258891
0.258888
0.258883
0.258881
0.258878
0.258875
0.258870
0.258865
0.258862
0.258858
0.258855
0.258852
0.258849
0.258843
0.258838
0.258833
0.258826
0.258820
0.258815
0.258810
0.258809
0.258801
0.258800
0.258795
0.258791
0.258788
0.258785
0.258784
0.258781
0.258777
0.258768
0.258765
0.258760
0.258756
0.258753
0.258748
0.258743
0.258740
0.258735
0.258731
0.258736
0.258732
0.258725
0.258721
0.258715
0.258712
0.258711
0.258707
0.258703
0.258694
0.258691
0.258689
0.258686
0.258684
0.258681
0.258677
0.258675
0.258670
0.258663
0.258660
0.258656
0.258651
0.258643
0.258640
0.258639
0.258643
0.258641
0.258637
0.258633
0.258629
0.258627
0.258627
0.258623
0.258620
0.258615
0.258612
0.258610
0.258607
0.258605
0.258602
0.258598
0.258591
0.258587
0.258585
0.258581
0.258577
0.258573
0.258569
0.258566
0.258561
0.258557
0.258553
0.258557
0.258554
0.258551
0.258549
0.258544
0.258536
0.258533
0.258530
0.258526
0.258523
0.258519
0.258515
0.258512
0.258510
0.258504
0.258500
0.258494
0.258490
0.258486
0.258481
0.258479
0.258474
0.258470
0.258465
0.258461
0.258458
0.258452
0.258448
0.258446
0.258441
0.258436
0.258430
0.258424
0.258421
0.258416
0.258411
0.258408
0.258406
0.258402
0.258398
0.258395
0.258390
0.258386
0.258381
0.258378
0.258372
0.258368
0.258364
0.258246
0.258240
0.258236
0.258232
0.258226
0.258222
0.258226
0.258223
0.258221
0.258216
0.258213
0.258210
0.258205
0.258201
0.258196
0.258192
0.258188
0.258183
0.258179
0.258174
0.258172
0.258169
0.258164
0.258160
0.258155
0.258152
0.258147
0.258145
0.258141
0.258136
0.258132
0.258126
0.258122
0.258118
0.258122
0.258115
0.258109
0.258103
0.258099
0.258095
0.258089
0.258084
0.258079
0.258074
0.258071
0.258064
0.258058
0.258053
0.258050
0.258047
0.258042
0.258036
0.258034
0.258031
0.258025
0.258018
0.258013
0.258008
0.258003
0.257997
0.257991
0.257986
0.257980
0.257975
0.257978
0.257973
0.257967
0.257965
0.257959
0.257951
0.257944
0.257942
0.257936
0.257928
0.257921
0.257919
0.257914
0.257909
0.257903
0.257900
0.257894
0.257889
0.257881
0.257875
0.257869
0.257861
0.257857
0.257852
0.257846
0.257841
0.257835
0.257829
0.257824
0.257817
0.257804
0.257796
0.257793
0.257788
0.257783
0.257777
0.257772
0.257765
0.257761
0.257755
0.257751
0.257746
0.257740
0.257736
0.257728
0.257725
0.257720
0.257716
0.257710
0.257700
0.257691
0.257686
0.257682
0.257677
0.257670
0.257665
0.257660
0.257656
0.257650
0.257647
0.257643
0.257645
0.257640
0.257635
0.257628
0.257623
0.257619
0.257613
0.257609
0.257603
0.257598
0.257594
0.257588
0.257583
0.257577
0.257570
0.257563
0.257560
0.257555
0.257550
0.257537
0.257531
0.257524
0.257518
0.257515
0.257508
0.257503
0.257498
0.257492
0.257486
0.257479
0.257473
0.257468
0.257471
0.257467
0.257461
0.257459
0.257454
0.257447
0.257442
0.257437
0.257427
0.257422
0.257416
0.257410
0.257405
0.257401
0.257398
0.257388
0.257382
0.257375
0.257370
0.257366
0.257360
0.257355
0.257348
0.257342
0.257333
0.257328
0.257319
0.257305
0.257301
0.257296
0.257293
0.257286
0.257282
0.257280
0.257271
0.257258
0.257254
0.257250
0.257243
0.257237
0.257235
0.257233
0.257228
0.257224
0.257221
0.257208
0.257176
0.257164
0.257161
0.257159
0.257154
0.257141
0.257136
0.257127
0.257119
0.257114
0.257109
0.257089
0.257076
0.257062
0.257058
0.257055
0.257050
0.257045
0.257037
0.257028
0.257020
0.257013
0.257007
0.257002
0.256998
0.256989
0.256984
0.256979
0.256971
0.256967
0.256954
0.256948
0.256952
0.256944
0.256939
0.256935
0.256932
0.256926
0.256910
0.256906
0.256902
0.256895
0.256892
0.256883
0.256881
0.256865
0.256860
0.256856
0.256851
0.256845
0.256826
0.256821
0.256814
0.256800
0.256793
0.256778
0.256782
0.256774
0.256770
0.256757
0.256748
0.256744
0.256738
0.256725
0.256722
0.256718
0.256712
0.256706
0.256702
0.256698
0.256689
0.256675
0.256670
0.256663
0.256657
0.256649
0.256643
0.256638
0.256636
0.256633
0.256629
0.256627
0.256620
0.256615
0.256611
0.256601
0.256596
0.256592
0.256582
0.256570
0.256565
0.256558
0.256561
0.256557
0.256548
0.256545
0.256542
0.256536
0.256535
0.256525
0.256520
0.256518
0.256509
0.256498
0.256493
0.256489
0.256485
0.256481
0.256479
0.256474
0.256471
0.256466
0.256461
0.256451
0.256448
0.256440
0.256436
0.256433
0.256427
0.256424
0.256423
0.256417
0.256401
0.256398
0.256396
0.256394
0.256391
0.256389
0.256387
0.256385
0.256381
0.256378
0.256376
0.256372
0.256369
0.256363
0.256358
0.256355
0.256352
0.256351
0.256331
0.256327
0.256325
0.256319
0.256318
0.256317
0.256314
0.256305
0.256302
0.256301
0.256299
0.256296
0.256291
0.256286
0.256282
0.256281
0.256278
0.256271
0.256270
0.256268
0.256266
0.256258
0.256253
0.256243
0.256241
0.256236
0.256234
0.256231
0.256228
0.256224
0.256220
0.256219
0.256216
0.256216
0.256210
0.256208
0.256205
0.256204
0.256203
0.256200
0.256197
0.256191
0.256183
0.256182
0.256179
0.256174
0.256171
0.256169
0.256169
0.256166
0.256163
0.256161
0.256157
0.256154
0.256150
0.256146
0.256145
0.256143
0.256140
0.256137
0.256135
0.256133
0.256129
0.256125
0.256124
0.256123
0.256122
0.256120
0.256126
0.256123
0.256117
0.256113
0.256110
0.256108
0.256105
0.256104
0.256101
0.256100
0.256098
0.256097
0.256094
0.256092
0.256089
0.256084
0.256082
0.256080
0.256076
0.256071
0.256068
0.256068
0.256067
0.256065
0.256062
0.256061
0.256058
0.256051
0.256045
0.256043
0.256040
0.256037
0.256035
0.256035
0.256035
0.256035
0.256033
0.256029
0.256027
0.256024
0.256018
0.256016
0.256023
0.256021
0.256019
0.256016
0.256014
0.256012
0.256012
0.256011
0.256009
0.256008
0.256005
0.256004
0.256001
0.256000
0.255998
0.255997
0.255995
0.255994
0.255992
0.255990
0.255988
0.255988
0.255987
0.255985
0.255984
0.255983
0.255981
0.255979
0.255977
0.255976
0.255975
0.255974
0.255973
0.255969
0.255510
0.255508
0.255506
0.255505
0.255505
0.255504
0.255504
0.255503
0.255502
0.255508
0.255506
0.255505
0.255504
0.255501
0.255501
0.255499
0.255497
0.255494
0.255494
0.255492
0.255492
0.255490
0.255490
0.255488
0.255487
0.255485
0.255483
0.255482
0.255480
0.255477
0.255475
0.255475
0.255474
0.255474
0.255473
0.255472
0.255471
0.255469
0.255468
0.255469
0.255468
0.255464
0.255465
0.255459
0.255458
0.255456
0.255454
0.255455
0.255453
0.255452
0.255451
0.255450
0.255449
0.255446
0.255441
0.255439
0.255437
0.255437
0.255436
0.255434
0.255430
0.255428
0.255425
0.255425
0.255422
0.255421
0.255419
0.255418
0.255416
0.255414
0.255412
0.255411
0.255409
0.255409
0.255409
0.255409
0.255406
0.255404
0.255403
0.255403
0.255403
0.255402
0.255402
0.255402
0.255400
0.255400
0.255398
0.255397
0.255398
0.255395
0.255392
0.255391
0.255390
0.255388
0.255386
0.255385
0.255384
0.255384
0.255390
0.255388
0.255385
0.255384
0.255381
0.255381
0.255380
0.255377
0.255375
0.255373
0.255372
0.255370
0.255369
0.255369
0.255367
0.255367
0.255365
0.255363
0.255360
0.255360
0.255358
0.255355
0.255355
0.255352
0.255352
0.255345
0.255343
0.255343
0.255342
0.255341
0.255339
0.255338
0.255336
0.255333
0.255332
0.255332
0.255331
0.255329
0.255328
0.255326
0.255324
0.255324
0.255323
0.255322
0.255322
0.255320
0.255320
0.255326
0.255322
0.255319
0.255317
0.255318
0.255315
0.255314
0.255313
0.255312
0.255310
0.255310
0.255307
0.255307
0.255307
0.255307
0.255302
0.255300
0.255298
0.255294
0.255294
0.255293
0.255294
0.255292
0.255293
0.255291
0.255292
0.255290
0.255290
0.255290
0.255290
0.255290
0.255289
0.255287
0.255287
0.255286
0.255285
0.255284
0.255283
0.255284
0.255283
0.255282
0.255282
0.255282
0.255279
0.255272
0.255268
0.255267
0.255267
0.255266
0.255265
0.255266
0.255273
0.255272
0.255272
0.255270
0.255267
0.255267
0.255266
0.255266
0.255263
0.255263
0.254968
0.254966
0.254965
0.254965
0.254964
0.254963
0.254962
0.254961
0.254959
0.254959
0.254959
0.254956
0.254954
0.254953
0.254952
0.254950
0.254951
0.254949
0.254947
0.254946
0.254944
0.254943
0.254942
0.254940
0.254939
0.254938
0.254936
0.254936
0.254935
0.254935
0.254933
0.254931
0.254930
0.254929
0.254929
0.254928
0.254927
0.254927
0.254925
0.254925
0.254924
0.254924
0.254924
0.254924
0.254923
0.254923
0.254922
0.254921
0.254921
0.254920
0.254916
0.254915
0.254914
0.254913
0.254913
0.254912
0.254912
0.254912
0.254910
0.254909
0.254909
0.254908
0.254906
0.254904
0.254904
0.254904
0.254901
0.254899
0.254898
0.254896
0.254898
0.254897
0.254896
0.254895
0.254894
0.254891
0.254891
0.254890
0.254888
0.254887
0.254924
0.254923
0.254922
0.254921
0.254921
0.254917
0.254916
0.254916
0.254915
0.254915
0.254915
0.254914
0.254912
0.254911
0.254910
0.254910
0.254908
0.254915
0.254910
0.254911
0.254911
0.254908
0.254907
0.254906
0.254903
0.254904
0.254904
0.254902
0.254900
0.254899
0.254898
0.254897
0.254896
0.254895
0.254896
0.254894
0.254892
0.254891
0.254890
0.254888
0.254887
0.254886
0.254886
0.254884
0.254883
0.254883
0.254882
0.254879
0.254878
0.254875
0.254874
0.254875
0.254874
0.254875
0.254874
0.254874
0.254872
0.254872
0.254871
0.254869
0.254866
0.254863
0.254862
0.254862
0.254861
0.254859
0.254859
0.254852
0.254852
0.254852
0.254850
0.254849
0.254847
0.254854
0.254852
0.254850
0.254849
0.254847
0.254846
0.254846
0.254845
0.254844
0.254843
0.254842
0.254840
0.254840
0.254839
0.254838
0.254838
0.254837
0.254836
0.254836
0.254834
0.254833
0.254833
0.254832
0.254830
0.254829
0.254829
0.254829
0.254827
0.254829
0.254828
0.254828
0.254826
0.254825
0.254825
0.254827
0.254826
0.254824
0.254823
0.254823
0.254821
0.254820
0.254817
0.254815
0.254814
0.254813
0.254812
0.254811
0.254811
0.254810
0.254809
0.254807
0.254808
0.254809
0.254808
0.254807
0.254806
0.254804
0.254804
0.254812
0.254810
0.254809
0.254807
0.254805
0.254805
0.254804
0.254804
0.254803
0.254800
0.254799
0.254799
0.254799
0.254773
0.254769
0.254768
0.254768
0.254768
0.254767
0.254764
0.254764
0.254762
0.254759
0.254757
0.254757
0.254757
0.254755
0.254754
0.254751
0.254752
0.254752
0.254752
0.254752
0.254751
0.254750
0.254751
0.254750
0.254748
0.254745
0.254744
0.254743
0.254742
0.254742
0.254741
0.254742
0.254740
0.254739
0.254739
0.254737
0.254737
0.254737
0.254738
0.254736
0.254736
0.254736
0.254735
0.254734
0.254734
0.254734
0.254734
0.254732
0.254730
0.254729
0.254728
0.254727
0.254727
0.254726
0.254726
0.254725
0.254721
0.254702
0.254700
0.254699
0.254697
0.254698
0.254696
0.254696
0.254695
0.254691
0.254691
0.254691
0.254690
0.254688
0.254685
0.254684
0.254683
0.254682
0.254681
0.254680
0.254681
0.254681
0.254680
0.254679
0.254679
0.254678
0.254675
0.254674
0.254674
0.254673
0.254674
0.254673
0.254670
0.254670
0.254668
0.254668
0.254667
0.254666
0.254665
0.254664
0.254663
0.254664
0.254662
0.254661
0.254662
0.254661
0.254660
0.254659
0.254658
0.254656
0.254654
0.254662
0.254660
0.254661
0.254659
0.254656
0.254657
0.254656
0.254656
0.254654
0.254651
0.254653
0.254650
0.254648
0.254646
0.254644
0.254645
0.254644
0.254643
0.254643
0.254642
0.254641
0.254641
0.254641
0.254640
0.254638
0.254638
0.254636
0.254636
0.254634
0.254632
0.254631
0.254631
0.254632
0.254631
0.254629
0.254627
0.254626
0.254626
0.254626
0.254623
0.254622
0.254621
0.254620
0.254619
0.254616
0.254616
0.254616
0.254615
0.254616
0.254617
0.254615
0.254614
0.254612
0.254612
0.254612
0.254610
0.254609
0.254608
0.254608
0.254607
0.254606
0.254604
0.254603
0.254602
0.254602
0.254607
0.254605
0.254604
0.254605
0.254603
0.254602
0.254600
0.254600
0.254599
0.254593
0.254592
0.254592
0.254593
0.254592
0.254591
0.254590
0.254590
0.254588
0.254588
0.254587
0.254585
0.254585
0.254585
0.254583
0.254582
0.254580
0.254579
0.254578
0.254577
0.254577
0.254576
0.254576
0.254574
0.254577
0.254576
0.254575
0.254576
0.254575
0.254574
0.254573
0.254573
0.254572
0.254571
0.254570
0.254566
0.254566
0.254564
0.254561
0.254558
0.254558
0.254557
0.254557
0.254555
0.254553
0.254552
0.254550
0.254548
0.254549
0.254547
0.254546
0.254546
0.254545
0.254543
0.254542
0.254542
0.254548
0.254549
0.254548
0.254544
0.254544
0.254542
0.254541
0.254540
0.254548
0.254548
0.254548
0.254547
0.254547
0.254547
0.254546
0.254545
0.254544
0.254543
0.254543
0.254541
0.254542
0.254539
0.254539
0.254539
0.254539
0.254539
0.254537
0.254536
0.254535
0.254533
0.254531
0.254530
0.254528
0.254528
0.254528
0.254528
0.254527
0.254528
0.254526
0.254524
0.254523
0.254522
0.254520
0.254520
0.254519
0.254518
0.254518
0.254517
0.254515
0.254511
0.254511
0.254511
0.254509
0.254508
0.254508
0.254508
0.254507
0.254506
0.254506
0.254505
0.254422
0.254419
0.254419
0.254420
0.254418
0.254418
0.254417
0.254417
0.254416
0.254415
0.254412
0.254413
0.254412
0.254412
0.254410
0.254410
0.254408
0.254408
0.254407
0.254406
0.254407
0.254405
0.254405
0.254404
0.254402
0.254401
0.254401
0.254398
0.254398
0.254397
0.254395
0.254396
0.254394
0.254395
0.254395
0.254394
0.254394
0.254392
0.254392
0.254390
0.254392
0.254390
0.254387
0.254387
0.254387
0.254386
0.254385
0.254384
0.254382
0.254380
0.254379
0.254377
0.254375
0.254373
0.254372
0.254372
0.254367
0.254366
0.254366
0.254365
0.254364
0.254363
0.254362
0.254363
0.254364
0.254363
0.254362
0.254362
0.254362
0.254361
0.254361
0.254360
0.254358
0.254356
0.254355
0.254363
0.254359
0.254358
0.254358
0.254357
0.254357
0.254358
0.254356
0.254355
0.254354
0.254353
0.254354
0.254353
0.254351
0.254351
0.254349
0.254349
0.254350
0.254349
0.254349
0.254349
0.254347
0.254346
0.254346
0.254346
0.254345
0.254343
0.254344
0.254343
0.254342
0.254342
0.254342
0.254341
0.254340
0.254338
0.254335
0.254334
0.254334
0.254334
0.254335
0.254333
0.254332
0.254332
0.254332
0.254330
0.254330
0.254330
0.254329
0.254328
0.254326
0.254324
0.254324
0.254322
0.254323
0.254322
0.254321
0.254321
0.254320
0.254319
0.254320
0.254319
0.254318
0.254319
0.254318
0.254317
0.254315
0.254314
0.254312
0.254311
0.254308
0.254309
0.254317
0.254316
0.254315
0.254314
0.254314
0.254313
0.254312
0.254311
0.254309
0.254310
0.254310
0.254309
0.254308
0.254306
0.254307
0.254306
0.254304
0.254302
0.254301
0.254299
0.254299
0.254298
0.254295
0.254297
0.254294
0.254293
0.254293
0.254291
0.254289
0.254286
0.254285
0.254284
0.254284
0.254282
0.254282
0.254282
0.254285
0.254285
0.254284
0.254284
0.254285
0.254283
0.254283
0.254282
0.254281
0.254280
0.254281
0.254282
0.254281
0.254281
0.254280
0.254279
0.254278
0.254278
0.254277
0.254275
0.254275
0.254274
0.254272
0.254270
0.254270
0.254270
0.254269
0.254268
0.254267
0.254267
0.254267
0.254247
0.254249
0.254246
0.254247
0.254246
0.254252
0.254252
0.254250
0.254249
0.254249
0.254248
0.254247
0.254246
0.254246
0.254245
0.254244
0.254244
0.254242
0.254244
0.254243
0.254241
0.254240
0.254239
0.254239
0.254238
0.254239
0.254237
0.254237
0.254235
0.254235
0.254233
0.254232
0.254232
0.254231
0.254230
0.254230
0.254229
0.254227
0.254226
0.254225
0.254224
0.254223
0.254226
0.254225
0.254225
0.254224
0.254224
0.254223
0.254224
0.254223
0.254222
0.254220
0.254220
0.254378
0.254376
0.254377
0.254377
0.254375
0.254375
0.254373
0.254371
0.254368
0.254368
0.254368
0.254368
0.254368
0.254366
0.254366
0.254365
0.254364
0.254364
0.254363
0.254362
0.254361
0.254361
0.254360
0.254359
0.254359
0.254360
0.254355
0.254357
0.254354
0.254355
0.254355
0.254353
0.254352
0.254353
0.254352
0.254351
0.254351
0.254350
0.254349
0.254347
0.254346
0.254348
0.254348
0.254346
0.254346
0.254346
0.254340
0.254340
0.254340
0.254341
0.254339
0.254338
0.254338
0.254338
0.254337
0.254335
0.254336
0.254335
0.254333
0.254332
0.254331
0.254331
0.254332
0.254332
0.254331
0.254331
0.254329
0.254329
0.254328
0.254327
0.254326
0.254326
0.254325
0.254325
0.254324
0.254321
0.254320
0.254319
0.254318
0.254319
0.254316
0.254317
0.254315
0.254314
0.254314
0.254312
0.254312
0.254312
0.254312
0.254310
0.254308
0.254308
0.254308
0.254307
0.254304
0.254302
0.254302
0.254303
0.254302
0.254301
0.254299
0.254191
0.254188
0.254197
0.254197
0.254196
0.254195
0.254194
0.254193
0.254193
0.254192
0.254192
0.254191
0.254189
0.254189
0.254188
0.254189
0.254188
0.254187
0.254186
0.254186
0.254186
0.254184
0.254184
0.254183
0.254182
0.254182
0.254181
0.254181
0.254182
0.254182
0.254181
0.254180
0.254179
0.254180
0.254180
0.254179
0.254178
0.254179
0.254178
0.253851
0.253850
0.253850
0.253849
0.253848
0.253848
0.253849
0.253848
0.253848
0.253847
0.253845
0.253844
0.253842
0.253841
0.253840
0.253839
0.253840
0.253838
0.253838
0.253837
0.253838
0.253836
0.253838
0.253837
0.253837
0.253836
0.253835
0.253834
0.253832
0.253832
0.253832
0.253831
0.253830
0.253830
0.253830
0.253831
0.253828
0.253829
0.253827
0.253828
0.253828
0.253828
0.253834
0.253834
0.253833
0.253833
0.253832
0.253831
0.253831
0.253830
0.253830
0.253829
0.253827
0.253826
0.253828
0.253826
0.253825
0.253824
0.253825
0.253822
0.253823
0.253821
0.253820
0.253819
0.253818
0.253818
0.253819
0.253818
0.253818
0.253817
0.253817
0.253817
0.253816
0.253817
0.253815
0.253815
0.253815
0.253816
0.253814
0.253814
0.253813
0.253814
0.253815
0.253814
0.253814
0.253813
0.253812
0.253812
0.253811
0.253811
0.253806
0.253805
0.253806
0.253805
0.253804
0.253804
0.253804
0.253803
0.253803
0.253802
0.253803
0.253802
0.253801
0.253801
0.253800
0.253799
0.253799
0.253798
0.253797
0.253795
0.253796
0.253796
0.253794
0.253794
0.253793
0.253793
0.253793
0.253792
0.253793
0.253792
0.253791
0.253791
0.253789
0.253796
0.253797
0.253796
0.253796
0.253794
0.253794
0.253794
0.253791
0.253791
0.253801
0.253802
0.253801
0.253799
0.253800
0.253797
0.253796
0.253798
0.253797
0.253796
0.253796
0.253795
0.253795
0.253793
0.253790
0.253790
0.253790
0.253788
0.253787
0.253787
0.253787
0.253786
0.253787
0.253787
0.253786
0.253787
0.253785
0.253783
0.253783
0.253782
0.253781
0.253781
0.253783
0.253782
0.253781
0.253780
0.253781
0.253781
0.253780
0.253780
0.253777
0.253778
0.253776
0.253775
0.253775
0.253752
0.253754
0.253752
0.253752
0.253750
0.253750
0.253750
0.253749
0.253747
0.253748
0.253745
0.253743
0.253742
0.253741
0.253742
0.253739
0.253737
0.253738
0.253737
0.253736
0.253736
0.253735
0.253735
0.253735
0.253734
0.253733
0.253732
0.253732
0.253730
0.253730
0.253729
0.253728
0.253728
0.253727
0.253726
0.253724
0.253723
0.253723
0.253722
0.253723
0.253720
0.253720
0.253717
0.253715
0.253715
0.253714
0.253713
0.253712
0.253711
0.253715
0.253711
0.253712
0.253714
0.253711
0.253713
0.253711
0.253712
0.253712
0.253710
0.253711
0.253710
0.253709
0.253707
0.253707
0.253707
0.253706
0.253706
0.253706
0.253706
0.253704
0.253701
0.253702
0.253702
0.253703
0.253703
0.253702
0.253701
0.253700
0.253702
0.253701
0.253700
0.253699
0.253699
0.253694
0.253692
0.253691
0.253692
0.253690
0.253688
0.253688
0.253686
0.253686
0.253686
0.253686
0.253685
0.253687
0.253686
0.253686
0.253686
0.253684
0.253684
0.253684
0.253684
0.253683
0.253681
0.253682
0.253682
0.253682
0.253681
0.253679
0.253679
0.253678
0.253676
0.253676
0.253674
0.253680
0.253679
0.253680
0.253677
0.253677
0.253677
0.253674
0.253676
0.253672
0.253672
0.253673
0.253671
0.253671
0.253669
0.253670
0.253670
0.253669
0.253667
0.253668
0.253667
0.253664
0.253665
0.253666
0.253665
0.253663
0.253661
0.253660
0.253660
0.253661
0.253660
0.253659
0.253656
0.253658
0.253656
0.253654
0.253653
0.253652
0.253651
0.253650
0.253650
0.253649
0.253650
0.253650
0.253645
0.253648
0.253646
0.253645
0.253646
0.253565
0.253564
0.253563
0.253564
0.253562
0.253562
0.253561
0.253560
0.253560
0.253558
0.253557
0.253556
0.253556
0.253555
0.253554
0.253552
0.253553
0.253552
0.253550
0.253549
0.253548
0.253547
0.253547
0.253545
0.253544
0.253544
0.253545
0.253544
0.253543
0.253543
0.253541
0.253583
0.253581
0.253582
0.253578
0.253580
0.253576
0.253576
0.253576
0.253572
0.253571
0.253569
0.253569
0.253578
0.253576
0.253575
0.253575
0.253572
0.253574
0.253572
0.253572
0.253571
0.253568
0.253569
0.253566
0.253566
0.253565
0.253564
0.253563
0.253561
0.253560
0.253560
0.253558
0.253559
0.253558
0.253557
0.253557
0.253558
0.253557
0.253557
0.253558
0.253557
0.253555
0.253555
0.253553
0.253553
0.253551
0.253546
0.253544
0.253546
0.253544
0.253544
0.253545
0.253543
0.253542
0.253542
0.253542
0.253541
0.253533
0.253533
0.253534
0.253534
0.253532
0.253532
0.253532
0.253530
0.253531
0.253528
0.253529
0.253530
0.253527
0.253528
0.253527
0.253527
0.253526
0.253525
0.253524
0.253524
0.253524
0.253523
0.253523
0.253524
0.253521
0.253522
0.253522
0.253520
0.253520
0.253519
0.253519
0.253519
0.253518
0.253517
0.253516
0.253516
0.253515
0.253515
0.253513
0.253514
0.253513
0.253512
0.253512
0.253510
0.253512
0.253509
0.253509
0.253508
0.253506
0.253507
0.253506
0.253509
0.253512
0.253516
0.253513
0.253513
0.253512
0.253510
0.253511
0.253508
0.253509
0.253509
0.253508
0.253508
0.253486
0.253486
0.253486
0.253484
0.253485
0.253482
0.253483
0.253482
0.253482
0.253481
0.253481
0.253481
0.253479
0.253480
0.253479
0.253479
0.253478
0.253478
0.253478
0.253477
0.253477
0.253475
0.253475
0.253475
0.253474
0.253474
0.253473
0.253472
0.253471
0.253469
0.253468
0.253468
0.253466
0.253466
0.253466
0.253465
0.253465
0.253462
0.253462
0.253463
0.253463
0.253464
0.253464
0.253463
0.253464
0.253462
0.253463
0.253461
0.253462
0.253460
0.253461
0.253461
0.253460
0.253459
0.253461
0.253458
0.253459
0.253459
0.253457
0.253458
0.253458
0.253458
0.253455
0.253455
0.253456
0.253453
0.253456
0.253454
0.253453
0.253453
0.253451
0.253449
0.253449
0.253443
0.253443
0.253442
0.253441
0.253440
0.253440
0.253440
0.253439
0.253439
0.253437
0.253436
0.253437
0.253435
0.253433
0.253433
0.253432
0.253432
0.253432
0.253429
0.253430
0.253439
0.253439
0.253439
0.253438
0.253438
0.253437
0.253436
0.253436
0.253436
0.253434
0.253432
0.253434
0.253431
0.253430
0.253430
0.253427
0.253426
0.253426
0.253425
0.253425
0.253423
0.253423
0.253423
0.253422
0.253421
0.253420
0.253420
0.253420
0.253418
0.253417
0.253415
0.253415
0.253414
0.253414
0.253413
0.253412
0.253411
0.253412
0.253411
0.253412
0.253411
0.253411
0.253412
0.253411
0.253410
0.253409
0.253408
0.253410
0.253409
0.253408
0.253093
0.253091
0.253088
0.253089
0.253086
0.253085
0.253085
0.253084
0.253083
0.253082
0.253084
0.253082
0.253080
0.253081
0.253078
0.253079
0.253077
0.253076
0.253076
0.253074
0.253074
0.253073
0.253072
0.253073
0.253072
0.253074
0.253071
0.253071
0.253071
0.253068
0.253069
0.253069
0.253069
0.253069
0.253066
0.253066
0.253065
0.253065
0.253066
0.253066
0.253065
0.253064
0.253062
0.253063
0.253061
0.253060
0.253059
0.253059
0.253059
0.253058
0.253060
0.253058
0.253057
0.253057
0.253056
0.253055
0.253055
0.253054
0.253053
0.253053
0.253051
0.253052
0.253052
0.253051
0.253050
0.253050
0.253059
0.253059
0.253053
0.253052
0.253052
0.253051
0.253049
0.253050
0.253049
0.253048
0.253047
0.253047
0.253046
0.253047
0.253046
0.253047
0.253045
0.253045
0.253044
0.253044
0.253045
0.253043
0.253044
0.253042
0.253042
0.253043
0.253040
0.253043
0.253042
0.253043
0.253041
0.253041
0.253041
0.253041
0.253040
0.253039
0.253039
0.253036
0.253037
0.253038
0.253036
0.253035
0.253035
0.253034
0.253037
0.253035
0.253034
0.253035
0.253033
0.253034
0.253031
0.253030
0.253029
0.253028
0.253027
0.253025
0.253027
0.253024
0.253024
0.253025
0.253024
0.253025
0.253024
0.253023
0.253024
0.253025
0.253023
0.253024
0.253004
0.253002
0.253002
0.253000
0.253002
0.253001
0.252999
0.252999
0.252996
0.252997
0.252995
0.253165
0.253165
0.253165
0.253164
0.253164
0.253161
0.253160
0.253159
0.253159
0.253160
0.253158
0.253159
0.253157
0.253156
0.253155
0.253154
0.253155
0.253153
0.253153
0.253153
0.253151
0.253150
0.253148
0.253148
0.253147
0.253146
