0.772976
0.771204
0.769471
0.767715
0.765982
0.764247
0.762505
0.760650
0.758949
0.757232
0.755536
0.753854
0.752133
0.750439
0.748779
0.747121
0.745449
0.743238
0.741595
0.739902
0.738253
0.736613
0.734925
0.733289
0.731644
0.730035
0.728407
0.726641
0.725017
0.723404
0.721777
0.720169
0.718541
0.716953
0.715362
0.713753
0.712189
0.710607
0.709039
0.707452
0.705889
0.704341
0.702774
0.701215
0.699657
0.698114
0.696571
0.695022
0.693350
0.691835
0.690337
0.688832
0.687327
0.685771
0.684271
0.682771
0.681260
0.679759
0.678255
0.676235
0.674785
0.673298
0.671825
0.670381
0.668873
0.667415
0.665962
0.664493
0.663066
0.661614
0.660035
0.658608
0.657171
0.655716
0.654305
0.652894
0.651462
0.650057
0.648634
0.647220
0.645825
0.644419
0.643010
0.641632
0.640261
0.638881
0.637491
0.636091
0.634686
0.633336
0.631968
0.630617
0.629261
0.627745
0.626397
0.625054
0.623725
0.622355
0.621011
0.619656
0.618347
0.617035
0.615707
0.614387
0.613093
0.611340
0.610050
0.608765
0.607498
0.606238
0.604961
0.603658
0.602379
0.601134
0.599877
0.598635
0.597402
0.595984
0.594740
0.593534
0.592297
0.591068
0.589848
0.588612
0.587421
0.586230
0.585030
0.583841
0.582639
0.581470
0.580291
0.579133
0.577982
0.576814
0.575640
0.574509
0.573371
0.572221
0.571093
0.569990
0.568707
0.567600
0.566496
0.565417
0.564325
0.563228
0.562107
0.561054
0.559975
0.558891
0.557826
0.556774
0.555333
0.554291
0.553278
0.552261
0.551234
0.550201
0.549132
0.548104
0.547095
0.546081
0.545094
0.544113
0.542951
0.541974
0.541015
0.540032
0.539071
0.538079
0.537127
0.536168
0.535207
0.534258
0.533325
0.532389
0.531471
0.530548
0.529640
0.528739
0.527834
0.526866
0.525989
0.525106
0.524208
0.523325
0.522455
0.521396
0.520524
0.519652
0.518801
0.517955
0.517091
0.516183
0.515330
0.514501
0.513663
0.512837
0.512018
0.510827
0.510022
0.509205
0.508379
0.507572
0.506771
0.505924
0.505137
0.504367
0.503558
0.502773
0.502010
0.501023
0.500264
0.499491
0.498727
0.497956
0.497195
0.496398
0.495670
0.494902
0.494166
0.493383
0.492650
0.491926
0.491197
0.490472
0.489731
0.488999
0.488287
0.487565
0.486800
0.486098
0.485390
0.484690
0.483997
0.483297
0.482401
0.481711
0.481006
0.480311
0.479626
0.478959
0.478290
0.477562
0.476896
0.476217
0.475540
0.474895
0.474217
0.473284
0.472630
0.471985
0.471336
0.470681
0.470034
0.469394
0.468706
0.468084
0.467450
0.466795
0.466145
0.465533
0.464694
0.464081
0.463456
0.462830
0.462216
0.461609
0.461006
0.460346
0.459731
0.459116
0.458527
0.457918
0.457328
0.456732
0.456141
0.455565
0.454976
0.454371
0.453793
0.453206
0.452639
0.452013
0.451446
0.450864
0.450294
0.449733
0.449167
0.448586
0.447792
0.447242
0.446680
0.446133
0.445582
0.445022
0.444481
0.443884
0.443345
0.442806
0.442265
0.441716
0.441188
0.440640
0.439904
0.439386
0.438842
0.438310
0.437755
0.437229
0.436707
0.436192
0.435627
0.435109
0.434605
0.434081
0.433565
0.433064
0.432562
0.431826
0.431322
0.430827
0.430336
0.429834
0.429334
0.428828
0.428267
0.427777
0.427279
0.426798
0.426303
0.425808
0.425333
0.424860
0.424380
0.423893
0.423426
0.422959
0.422480
0.422011
0.421541
0.421068
0.420551
0.420078
0.419604
0.419153
0.418684
0.418228
0.417764
0.417312
0.416633
0.416183
0.415717
0.415266
0.414802
0.414365
0.413916
0.413455
0.412950
0.412519
0.412083
0.411642
0.411180
0.410748
0.410308
0.409880
0.409313
0.408876
0.408441
0.408022
0.407599
0.407163
0.406731
0.406309
0.405826
0.405416
0.405009
0.404593
0.404163
0.403744
0.403324
0.402930
0.402517
0.401870
0.401464
0.401051
0.400651
0.400238
0.399837
0.399440
0.399030
0.398569
0.398173
0.397779
0.397374
0.396960
0.396569
0.396172
0.395775
0.395384
0.394982
0.394593
0.394220
0.393824
0.393441
0.393057
0.392609
0.392236
0.391867
0.391493
0.391101
0.390711
0.390335
0.389958
0.389326
0.388961
0.388591
0.388218
0.387829
0.387451
0.387076
0.386709
0.386283
0.385918
0.385551
0.385174
0.384802
0.384435
0.384074
0.383634
0.383284
0.382925
0.382547
0.382189
0.381836
0.381484
0.381068
0.380716
0.380362
0.380006
0.379653
0.379296
0.378953
0.378353
0.378003
0.377665
0.377311
0.376969
0.376613
0.376277
0.375875
0.375545
0.375211
0.374868
0.374534
0.374197
0.373881
0.373542
0.373212
0.372893
0.372564
0.372227
0.371908
0.371582
0.371191
0.370863
0.370536
0.370224
0.369891
0.369582
0.369269
0.368691
0.368381
0.368079
0.367767
0.367442
0.367133
0.366827
0.366533
0.366172
0.365866
0.365563
0.365259
0.364955
0.364659
0.364361
0.364033
0.363746
0.363446
0.363159
0.362857
0.362584
0.362281
0.361995
0.361645
0.361355
0.361072
0.360777
0.360489
0.360209
0.359933
0.359384
0.359105
0.358832
0.358562
0.358274
0.358004
0.357741
0.357465
0.357130
0.356862
0.356595
0.356320
0.356054
0.355789
0.355515
0.355246
0.354994
0.354725
0.354475
0.354196
0.353945
0.353679
0.353425
0.353103
0.352858
0.352593
0.352343
0.352087
0.351848
0.351592
0.351342
0.350835
0.350594
0.350348
0.350106
0.349849
0.349602
0.349359
0.349121
0.348821
0.348567
0.348332
0.348074
0.347835
0.347606
0.347378
0.347143
0.346907
0.346676
0.346444
0.346197
0.345978
0.345743
0.345509
0.345208
0.344984
0.344753
0.344523
0.344321
0.344086
0.343858
0.343633
0.343421
0.342932
0.342719
0.342504
0.342284
0.342047
0.341832
0.341616
0.341402
0.341119
0.340909
0.340695
0.340477
0.340246
0.340038
0.339820
0.339616
0.339408
0.339194
0.338992
0.338772
0.338559
0.338351
0.338142
0.337936
0.337661
0.337464
0.337268
0.337064
0.336851
0.336649
0.336451
0.336251
0.336049
0.335584
0.335389
0.335192
0.335002
0.334793
0.334609
0.334417
0.334222
0.333960
0.333771
0.333578
0.333396
0.333182
0.332990
0.332801
0.332610
0.332423
0.332237
0.332055
0.331862
0.331678
0.331490
0.331307
0.331112
0.330925
0.330672
0.330493
0.330318
0.330135
0.329960
0.329764
0.329579
0.329398
0.329214
0.328792
0.328614
0.328435
0.328260
0.328069
0.327894
0.327722
0.327549
0.327383
0.327131
0.326956
0.326777
0.326608
0.326424
0.326255
0.326086
0.325924
0.325752
0.325590
0.325426
0.325246
0.325083
0.324905
0.324746
0.324583
0.324420
0.324263
0.324032
0.323870
0.323705
0.323540
0.323361
0.323200
0.323032
0.322876
0.322713
0.322316
0.322163
0.322002
0.321848
0.321665
0.321507
0.321349
0.321194
0.321035
0.320803
0.320648
0.320495
0.320338
0.320173
0.320028
0.319886
0.319730
0.319584
0.319432
0.319275
0.319121
0.318980
0.318834
0.318669
0.318524
0.318386
0.318229
0.318014
0.317861
0.317709
0.317558
0.317418
0.317258
0.317110
0.316959
0.316815
0.316680
0.316302
0.316158
0.316008
0.315872
0.315732
0.315567
0.315433
0.315286
0.315152
0.315009
0.314800
0.314655
0.314513
0.314377
0.314239
0.314085
0.313958
0.313825
0.313676
0.313548
0.313421
0.313280
0.313136
0.313002
0.312875
0.312727
0.312602
0.312461
0.312322
0.312200
0.311992
0.311858
0.311713
0.311581
0.311450
0.311295
0.311164
0.311030
0.310903
0.310786
0.310428
0.310309
0.310177
0.310051
0.309928
0.309775
0.309657
0.309532
0.309402
0.309274
0.309073
0.308949
0.308829
0.308698
0.308574
0.308429
0.308310
0.308188
0.308061
0.307946
0.307821
0.307705
0.307590
0.307458
0.307332
0.307210
0.307068
0.306948
0.306829
0.306707
0.306592
0.306391
0.306278
0.306163
0.306038
0.305922
0.305782
0.305663
0.305552
0.305438
0.305328
0.304983
0.304872
0.304755
0.304631
0.304510
0.304396
0.304265
0.304152
0.304032
0.303923
0.303808
0.303618
0.303518
0.303405
0.303289
0.303168
0.303034
0.302919
0.302810
0.302702
0.302592
0.302484
0.302380
0.302276
0.302161
0.302054
0.301945
0.301815
0.301705
0.301597
0.301498
0.301395
0.301285
0.301098
0.300986
0.300881
0.300778
0.300673
0.300548
0.300436
0.300328
0.300223
0.300122
0.300027
0.299704
0.299594
0.299492
0.299393
0.299294
0.299167
0.299067
0.298962
0.298861
0.298758
0.298659
0.298477
0.298380
0.298274
0.298175
0.298081
0.297963
0.297858
0.297765
0.297661
0.297557
0.297463
0.297364
0.297265
0.297162
0.297059
0.296970
0.296874
0.296752
0.296659
0.296557
0.296471
0.296369
0.296195
0.296092
0.295996
0.295892
0.295798
0.295704
0.295597
0.295500
0.295409
0.295307
0.295219
0.295119
0.294805
0.294713
0.294625
0.294531
0.294437
0.294325
0.294237
0.294149
0.294048
0.293958
0.293862
0.293694
0.293601
0.293503
0.293401
0.293318
0.293232
0.293122
0.293037
0.292953
0.292864
0.292776
0.292690
0.292604
0.292522
0.292434
0.292340
0.292255
0.292172
0.292063
0.291976
0.291890
0.291800
0.291720
0.291638
0.291461
0.291378
0.291286
0.291205
0.291120
0.291032
0.290930
0.290838
0.290749
0.290662
0.290579
0.290500
0.290203
0.290122
0.290042
0.289952
0.289859
0.289779
0.289680
0.289597
0.289517
0.289424
0.289342
0.289265
0.289103
0.289024
0.288943
0.288862
0.288785
0.288707
0.288604
0.288518
0.288435
0.288352
0.288272
0.288194
0.288122
0.288046
0.287974
0.287891
0.287818
0.287739
0.287640
0.287565
0.287494
0.287412
0.287337
0.287262
0.287101
0.287023
0.286948
0.286876
0.286802
0.286723
0.286652
0.286550
0.286472
0.286400
0.286322
0.286246
0.286172
0.285886
0.285815
0.285739
0.285665
0.285590
0.285516
0.285424
0.285352
0.285277
0.285201
0.285117
0.285045
0.284973
0.284816
0.284739
0.284664
0.284590
0.284522
0.284451
0.284359
0.284294
0.284226
0.284156
0.284079
0.284004
0.283933
0.283861
0.283793
0.283728
0.283653
0.283584
0.283512
0.283426
0.283356
0.283294
0.283223
0.283156
0.283088
0.283025
0.282868
0.282800
0.282734
0.282667
0.282598
0.282533
0.282451
0.282386
0.282321
0.282256
0.282181
0.282119
0.282055
0.281782
0.281720
0.281656
0.281591
0.281526
0.281455
0.281383
0.281300
0.281239
0.281176
0.281107
0.281040
0.280984
0.280838
0.280770
0.280704
0.280640
0.280573
0.280503
0.280439
0.280356
0.280295
0.280230
0.280156
0.280085
0.280023
0.279967
0.279908
0.279849
0.279787
0.279724
0.279657
0.279598
0.279536
0.279451
0.279385
0.279332
0.279273
0.279211
0.279149
0.279090
0.278947
0.278884
0.278822
0.278757
0.278701
0.278641
0.278582
0.278498
0.278441
0.278381
0.278322
0.278267
0.278206
0.278147
0.277892
0.277837
0.277784
0.277717
0.277662
0.277602
0.277544
0.277461
0.277406
0.277353
0.277284
0.277234
0.277182
0.277130
0.276983
0.276930
0.276873
0.276817
0.276766
0.276708
0.276649
0.276573
0.276518
0.276456
0.276401
0.276344
0.276287
0.276234
0.276181
0.276130
0.276074
0.276020
0.275961
0.275906
0.275847
0.275798
0.275719
0.275657
0.275605
0.275540
0.275491
0.275435
0.275385
0.275247
0.275198
0.275142
0.275092
0.275038
0.274984
0.274926
0.274852
0.274797
0.274742
0.274691
0.274637
0.274582
0.274529
0.274479
0.274232
0.274183
0.274133
0.274084
0.274025
0.273977
0.273932
0.273858
0.273803
0.273752
0.273704
0.273652
0.273604
0.273556
0.273509
0.273378
0.273330
0.273278
0.273233
0.273180
0.273132
0.273088
0.273037
0.272974
0.272930
0.272882
0.272828
0.272773
0.272727
0.272680
0.272635
0.272586
0.272538
0.272489
0.272438
0.272398
0.272354
0.272298
0.272233
0.272186
0.272137
0.272082
0.272032
0.271987
0.271943
0.271901
0.271768
0.271716
0.271665
0.271620
0.271570
0.271523
0.271478
0.271436
0.271373
0.271327
0.271283
0.271228
0.271178
0.271140
0.271093
0.271051
0.270817
0.270769
0.270724
0.270684
0.270636
0.270595
0.270549
0.270500
0.270438
0.270394
0.270352
0.270311
0.270264
0.270220
0.270174
0.270130
0.269998
0.269958
0.269918
0.269874
0.269825
0.269779
0.269736
0.269694
0.269633
0.269592
0.269553
0.269511
0.269463
0.269417
0.269374
0.269334
0.269291
0.269253
0.269213
0.269167
0.269133
0.269091
0.269053
0.269014
0.268968
0.268907
0.268865
0.268826
0.268783
0.268740
0.268705
0.268663
0.268619
0.268583
0.268454
0.268416
0.268373
0.268333
0.268291
0.268253
0.268216
0.268178
0.268114
0.268075
0.268036
0.267998
0.267958
0.267914
0.267869
0.267834
0.267793
0.267572
0.267532
0.267496
0.267461
0.267422
0.267379
0.267340
0.267305
0.267265
0.267205
0.267167
0.267130
0.267096
0.267057
0.267019
0.266984
0.266949
0.266906
0.266777
0.266744
0.266707
0.266670
0.266628
0.266593
0.266558
0.266520
0.266487
0.266431
0.266397
0.266356
0.266320
0.266277
0.266241
0.266207
0.266169
0.266138
0.266105
0.266077
0.266042
0.266008
0.265968
0.265931
0.265900
0.265864
0.265833
0.265769
0.265733
0.265699
0.265666
0.265629
0.265597
0.265567
0.265533
0.265502
0.265379
0.265348
0.265315
0.265282
0.265251
0.265214
0.265182
0.265144
0.265111
0.265056
0.265023
0.264990
0.264957
0.264925
0.264889
0.264856
0.264826
0.264793
0.264763
0.264551
0.264523
0.264496
0.264464
0.264428
0.264395
0.264362
0.264333
0.264304
0.264250
0.264218
0.264190
0.264159
0.264130
0.264098
0.264063
0.264024
0.263987
0.263959
0.263837
0.263809
0.263783
0.263756
0.263728
0.263691
0.263661
0.263631
0.263601
0.263576
0.263524
0.263493
0.263454
0.263425
0.263394
0.263361
0.263337
0.263308
0.263282
0.263255
0.263228
0.263203
0.263173
0.263145
0.263114
0.263080
0.263050
0.263015
0.262988
0.262961
0.262908
0.262883
0.262852
0.262823
0.262797
0.262765
0.262737
0.262714
0.262684
0.262654
0.262534
0.262507
0.262477
0.262451
0.262428
0.262393
0.262368
0.262339
0.262316
0.262292
0.262270
0.262225
0.262197
0.262164
0.262142
0.262115
0.262085
0.262063
0.262037
0.262012
0.261988
0.261786
0.261758
0.261729
0.261705
0.261681
0.261651
0.261626
0.261601
0.261574
0.261547
0.261522
0.261478
0.261456
0.261433
0.261407
0.261383
0.261354
0.261328
0.261305
0.261280
0.261255
0.261230
0.261118
0.261097
0.261071
0.261049
0.261027
0.260999
0.260976
0.260954
0.260929
0.260907
0.260884
0.260841
0.260823
0.260801
0.260778
0.260757
0.260730
0.260712
0.260691
0.260663
0.260644
0.260618
0.260594
0.260571
0.260551
0.260528
0.260507
0.260482
0.260459
0.260436
0.260408
0.260388
0.260366
0.260323
0.260298
0.260279
0.260258
0.260237
0.260215
0.260190
0.260166
0.260146
0.260124
0.260097
0.260075
0.259962
0.259939
0.259920
0.259900
0.259882
0.259854
0.259834
0.259814
0.259793
0.259774
0.259753
0.259710
0.259690
0.259670
0.259649
0.259631
0.259610
0.259584
0.259564
0.259542
0.259526
0.259505
0.259485
0.259290
0.259266
0.259242
0.259222
0.259200
0.259181
0.259156
0.259141
0.259121
0.259097
0.259077
0.259058
0.259020
0.259001
0.258983
0.258967
0.258949
0.258932
0.258910
0.258888
0.258868
0.258852
0.258836
0.258816
0.258704
0.258684
0.258666
0.258648
0.258631
0.258615
0.258599
0.258573
0.258558
0.258537
0.258521
0.258502
0.258483
0.258442
0.258428
0.258408
0.258392
0.258379
0.258364
0.258344
0.258323
0.258304
0.258290
0.258273
0.258252
0.258236
0.258221
0.258207
0.258191
0.258174
0.258157
0.258140
0.258121
0.258105
0.258087
0.258073
0.258057
0.258041
0.258024
0.257990
0.257973
0.257957
0.257942
0.257926
0.257911
0.257890
0.257877
0.257860
0.257842
0.257828
0.257815
0.257799
0.257692
0.257679
0.257663
0.257649
0.257636
0.257620
0.257607
0.257587
0.257574
0.257559
0.257544
0.257533
0.257519
0.257484
0.257470
0.257456
0.257444
0.257429
0.257414
0.257402
0.257383
0.257370
0.257357
0.257343
0.257329
0.257317
0.257304
0.257116
0.257102
0.257088
0.257074
0.257055
0.257040
0.257025
0.257010
0.256995
0.256981
0.256967
0.256952
0.256938
0.256925
0.256890
0.256877
0.256864
0.256849
0.256834
0.256816
0.256800
0.256782
0.256773
0.256760
0.256747
0.256736
0.256723
0.256709
0.256699
0.256594
0.256582
0.256569
0.256554
0.256545
0.256534
0.256522
0.256506
0.256494
0.256484
0.256475
0.256461
0.256450
0.256439
0.256400
0.256388
0.256377
0.256367
0.256350
0.256340
0.256331
0.256316
0.256298
0.256285
0.256275
0.256264
0.256250
0.256241
0.256228
0.256218
0.256204
0.256193
0.256182
0.256166
0.256157
0.256145
0.256136
0.256119
0.256110
0.256097
0.256087
0.256076
0.256068
0.256057
0.256045
0.256012
0.256002
0.255995
0.255981
0.255971
0.255961
0.255951
0.255936
0.255928
0.255911
0.255899
0.255887
0.255880
0.255869
0.255859
0.255756
0.255746
0.255736
0.255724
0.255715
0.255703
0.255689
0.255682
0.255668
0.255655
0.255646
0.255638
0.255629
0.255619
0.255611
0.255601
0.255571
0.255564
0.255555
0.255546
0.255533
0.255523
0.255511
0.255498
0.255484
0.255465
0.255458
0.255446
0.255434
0.255423
0.255417
0.255409
0.255401
0.255221
0.255207
0.255201
0.255194
0.255181
0.255172
0.255164
0.255157
0.255144
0.255139
0.255130
0.255123
0.255113
0.255102
0.255095
0.255086
0.255081
0.255049
0.255042
0.255031
0.255021
0.255018
0.255008
0.255004
0.254998
0.254983
0.254973
0.254964
0.254958
0.254950
0.254939
0.254931
0.254921
0.254916
0.254813
0.254804
0.254795
0.254787
0.254778
0.254769
0.254764
0.254758
0.254751
0.254738
0.254732
0.254725
0.254714
0.254705
0.254698
0.254691
0.254685
0.254675
0.254647
0.254637
0.254630
0.254622
0.254616
0.254609
0.254603
0.254597
0.254593
0.254580
0.254573
0.254563
0.254558
0.254552
0.254544
0.254539
0.254530
0.254522
0.254512
0.254502
0.254492
0.254484
0.254474
0.254467
0.254461
0.254454
0.254446
0.254437
0.254426
0.254418
0.254411
0.254406
0.254401
0.254393
0.254388
0.254385
0.254378
0.254371
0.254339
0.254333
0.254326
0.254317
0.254312
0.254302
0.254294
0.254286
0.254282
0.254273
0.254267
0.254261
0.254257
0.254250
0.254242
0.254237
0.254231
0.254226
0.254218
0.254117
0.254109
0.254102
0.254097
0.254093
0.254084
0.254078
0.254074
0.254068
0.254061
0.254049
0.254042
0.254040
0.254037
0.254032
0.254027
0.254019
0.254010
0.254004
0.254000
0.253990
0.253963
0.253958
0.253952
0.253948
0.253944
0.253938
0.253934
0.253927
0.253920
0.253914
0.253902
0.253898
0.253895
0.253886
0.253882
0.253874
0.253864
0.253860
0.253851
0.253847
0.253840
0.253666
0.253661
0.253659
0.253655
0.253649
0.253642
0.253640
0.253635
0.253629
0.253624
0.253613
0.253612
0.253605
0.253597
0.253593
0.253588
0.253583
0.253577
0.253573
0.253568
0.253565
0.253536
0.253527
0.253521
0.253517
0.253513
0.253509
0.253499
0.253495
0.253491
0.253484
0.253481
0.253472
0.253471
0.253466
0.253462
0.253459
0.253453
0.253444
0.253441
0.253439
0.253430
0.253426
0.253421
0.253322
0.253319
0.253311
0.253308
0.253306
0.253299
0.253297
0.253293
0.253290
0.253287
0.253282
0.253274
0.253269
0.253266
0.253260
0.253256
0.253255
0.253247
0.253244
0.253238
0.253236
0.253232
0.253228
0.253202
0.253198
0.253192
0.253187
0.253184
0.253177
0.253173
0.253168
0.253163
0.253154
0.253152
0.253143
0.253139
0.253137
0.253132
0.253125
0.253124
0.253118
0.253117
0.253110
0.253106
0.253104
0.253100
0.253096
0.253091
0.253083
0.253080
0.253077
0.253070
0.253062
0.253059
0.253056
0.253055
0.253052
0.253047
0.253042
0.253032
0.253025
0.253023
0.253018
0.253014
0.253013
0.253010
0.253008
0.253006
0.253002
0.252998
0.252995
0.252970
0.252968
0.252965
0.252961
0.252958
0.252954
0.252947
0.252945
0.252940
0.252936
0.252932
0.252930
0.252924
0.252916
0.252912
0.252910
0.252908
0.252902
0.252898
0.252893
0.252890
0.252886
0.252881
0.252876
0.252877
0.252874
0.252776
0.252771
0.252767
0.252763
0.252762
0.252759
0.252757
0.252755
0.252753
0.252748
0.252747
0.252746
0.252744
0.252738
0.252738
0.252732
0.252729
0.252726
0.252723
0.252719
0.252715
0.252709
0.252707
0.252701
0.252698
0.252695
0.252664
0.252667
0.252660
0.252659
0.252655
0.252650
0.252647
0.252645
0.252641
0.252637
0.252635
0.252634
0.252631
0.252625
0.252616
0.252614
0.252611
0.252608
0.252604
0.252603
0.252600
0.252595
0.252589
0.252584
0.252582
0.252577
0.252572
0.252568
0.252400
0.252398
0.252396
0.252396
0.252393
0.252391
0.252390
0.252383
0.252381
0.252379
0.252371
0.252363
0.252360
0.252357
0.252349
0.252350
0.252349
0.252346
0.252342
0.252342
0.252339
0.252338
0.252338
0.252334
0.252333
0.252331
0.252329
0.252328
0.252300
0.252296
0.252294
0.252293
0.252288
0.252284
0.252284
0.252272
0.252270
0.252268
0.252263
0.252260
0.252259
0.252258
0.252256
0.252247
0.252246
0.252244
0.252244
0.252241
0.252239
0.252238
0.252232
0.252230
0.252230
0.252227
0.252223
0.252222
0.252218
0.252217
0.252118
0.252114
0.252111
0.252109
0.252108
0.252103
0.252103
0.252100
0.252097
0.252096
0.252091
0.252088
0.252088
0.252086
0.252084
0.252076
0.252074
0.252072
0.252070
0.252069
0.252066
0.252059
0.252058
0.252054
0.252051
0.252049
0.252046
0.252043
0.252039
0.252034
0.252008
0.252008
0.252007
0.252004
0.252003
0.252001
0.251997
0.251999
0.251996
0.251993
0.251991
0.251988
0.251983
0.251981
0.251980
0.251977
0.251969
0.251967
0.251966
0.251962
0.251957
0.251956
0.251955
0.251954
0.251952
0.251951
0.251948
0.251946
0.251945
0.251942
0.251941
0.251938
0.251937
0.251936
0.251934
0.251933
0.251931
0.251928
0.251926
0.251925
0.251921
0.251917
0.251915
0.251913
0.251911
0.251908
0.251906
0.251902
0.251901
0.251895
0.251893
0.251889
0.251887
0.251882
0.251880
0.251878
0.251877
0.251874
0.251871
0.251871
0.251869
0.251868
0.251866
0.251863
0.251862
0.251838
0.251837
0.251837
0.251835
0.251832
0.251831
0.251829
0.251826
0.251824
0.251819
0.251817
0.251814
0.251813
0.251811
0.251806
0.251805
0.251804
0.251794
0.251791
0.251791
0.251791
0.251788
0.251786
0.251786
0.251785
0.251783
0.251781
0.251778
0.251777
0.251776
0.251775
0.251774
0.251773
0.251769
0.251769
0.251671
0.251670
0.251668
0.251667
0.251664
0.251663
0.251662
0.251660
0.251658
0.251657
0.251656
0.251657
0.251652
0.251650
0.251647
0.251645
0.251640
0.251638
0.251632
0.251631
0.251629
0.251628
0.251626
0.251624
0.251622
0.251620
0.251616
0.251610
0.251609
0.251605
0.251603
0.251601
0.251599
0.251598
0.251597
0.251596
0.251569
0.251568
0.251569
0.251568
0.251567
0.251566
0.251564
0.251563
0.251562
0.251559
0.251557
0.251554
0.251553
0.251552
0.251549
0.251547
0.251542
0.251541
0.251533
0.251534
0.251532
0.251529
0.251530
0.251528
0.251526
0.251524
0.251522
0.251520
0.251517
0.251515
0.251513
0.251511
0.251510
0.251508
0.251507
0.251505
0.251505
0.251336
0.251334
0.251333
0.251331
0.251328
0.251326
0.251324
0.251323
0.251318
0.251316
0.251314
0.251313
0.251311
0.251311
0.251308
0.251305
0.251303
0.251300
0.251298
0.251294
0.251287
0.251285
0.251284
0.251283
0.251283
0.251280
0.251278
0.251280
0.251278
0.251274
0.251272
0.251269
0.251267
0.251266
0.251265
0.251263
0.251261
0.251260
0.251257
0.251232
0.251230
0.251227
0.251226
0.251223
0.251220
0.251218
0.251218
0.251215
0.251217
0.251213
0.251212
0.251210
0.251209
0.251207
0.251205
0.251203
0.251203
0.251201
0.251201
0.251193
0.251191
0.251188
0.251188
0.251187
0.251184
0.251181
0.251177
0.251176
0.251173
0.251174
0.251168
0.251167
0.251166
0.251163
0.251161
0.251158
0.251152
0.251151
0.251150
0.251150
0.251053
0.251051
0.251049
0.251049
0.251047
0.251046
0.251045
0.251043
0.251041
0.251038
0.251034
0.251031
0.251028
0.251026
0.251027
0.251025
0.251023
0.251024
0.251022
0.251018
0.251017
0.251010
0.251009
0.251006
0.251007
0.251005
0.251004
0.251001
0.251000
0.250998
0.250997
0.250996
0.250993
0.250991
0.250990
0.250990
0.250988
0.250988
0.250987
0.250985
0.250984
0.250979
0.250954
0.250953
0.250953
0.250951
0.250949
0.250946
0.250943
0.250943
0.250938
0.250937
0.250935
0.250935
0.250933
0.250931
0.250930
0.250928
0.250927
0.250925
0.250925
0.250922
0.250921
0.250919
0.250913
0.250912
0.250907
0.250905
0.250903
0.250902
0.250900
0.250900
0.250900
0.250899
0.250898
0.250897
0.250893
0.250892
0.250890
0.250890
0.250889
0.250887
0.250889
0.250886
0.250884
0.250883
0.250881
0.250880
0.250877
0.250877
0.250875
0.250875
0.250874
0.250875
0.250872
0.250871
0.250870
0.250868
0.250866
0.250866
0.250862
0.250861
0.250860
0.250859
0.250858
0.250856
0.250855
0.250854
0.250852
0.250851
0.250845
0.250844
0.250844
0.250842
0.250842
0.250839
0.250836
0.250835
0.250834
0.250834
0.250832
0.250827
0.250827
0.250826
0.250824
0.250822
0.250821
0.250820
0.250819
0.250817
0.250817
0.250817
0.250815
0.250792
0.250793
0.250792
0.250790
0.250789
0.250787
0.250787
0.250785
0.250784
0.250785
0.250783
0.250781
0.250777
0.250776
0.250775
0.250773
0.250771
0.250770
0.250768
0.250763
0.250762
0.250760
0.250760
0.250757
0.250749
0.250748
0.250746
0.250744
0.250744
0.250744
0.250743
0.250740
0.250740
0.250738
0.250738
0.250736
0.250732
0.250732
0.250730
0.250728
0.250728
0.250727
0.250725
0.250726
0.250722
0.250721
0.250719
0.250718
0.250623
0.250621
0.250619
0.250619
0.250618
0.250615
0.250613
0.250610
0.250609
0.250607
0.250607
0.250605
0.250603
0.250601
0.250601
0.250601
0.250601
0.250601
0.250600
0.250596
0.250595
0.250594
0.250593
0.250594
0.250590
0.250590
0.250584
0.250582
0.250581
0.250578
0.250575
0.250574
0.250574
0.250572
0.250570
0.250568
0.250567
0.250567
0.250564
0.250562
0.250562
0.250562
0.250561
0.250560
0.250556
0.250556
0.250556
0.250554
0.250552
0.250551
0.250549
0.250525
0.250524
0.250525
0.250523
0.250522
0.250522
0.250521
0.250519
0.250520
0.250521
0.250520
0.250516
0.250515
0.250514
0.250514
0.250512
0.250511
0.250510
0.250509
0.250508
0.250507
0.250507
0.250507
0.250504
0.250502
0.250504
0.250497
0.250495
0.250495
0.250494
0.250493
0.250492
0.250488
0.250489
0.250485
0.250485
0.250482
0.250482
0.250481
0.250479
0.250476
0.250477
0.250474
0.250471
0.250470
0.250466
0.250465
0.250464
0.250462
0.250462
0.250461
0.250459
0.250459
0.250294
0.250293
0.250292
0.250291
0.250290
0.250286
0.250286
0.250285
0.250284
0.250281
0.250278
0.250277
0.250280
0.250280
0.250276
0.250275
0.250275
0.250275
0.250275
0.250274
0.250274
0.250270
0.250270
0.250269
0.250268
0.250267
0.250265
0.250264
0.250254
0.250254
0.250254
0.250253
0.250252
0.250252
0.250252
0.250250
0.250251
0.250250
0.250247
0.250247
0.250242
0.250240
0.250239
0.250238
0.250240
0.250239
0.250238
0.250236
0.250234
0.250231
0.250231
0.250230
0.250230
0.250230
0.250228
0.250227
0.250202
0.250200
0.250201
0.250200
0.250199
0.250197
0.250197
0.250193
0.250191
0.250191
0.250191
0.250190
0.250190
0.250189
0.250186
0.250185
0.250184
0.250182
0.250180
0.250180
0.250181
0.250180
0.250179
0.250178
0.250179
0.250177
0.250174
0.250174
0.250174
0.250167
0.250165
0.250162
0.250162
0.250162
0.250161
0.250162
0.250162
0.250161
0.250159
0.250159
0.250157
0.250156
0.250155
0.250155
0.250152
0.250150
0.250150
0.250149
0.250147
0.250146
0.250146
0.250145
0.250145
0.250148
0.250146
0.250144
0.250144
0.250143
0.250047
0.250047
0.250046
0.250048
0.250048
0.250047
0.250046
0.250043
0.250041
0.250039
0.250038
0.250036
0.250034
0.250034
0.250032
0.250030
0.250028
0.250027
0.250027
0.250026
0.250026
0.250025
0.250023
0.250021
0.250022
0.250020
0.250019
0.250019
0.250021
0.250022
0.250020
0.250013
0.250013
0.250010
0.250010
0.250010
0.250011
0.250010
0.250009
0.250006
0.250006
0.250005
0.250005
0.250005
0.250004
0.250003
0.249998
0.249997
0.249995
0.249993
0.249993
0.249993
0.249992
0.249994
0.249993
0.249992
0.249989
0.249988
0.249985
0.249984
0.249983
0.249984
0.249957
0.249957
0.249955
0.249956
0.249955
0.249955
0.249953
0.249953
0.249952
0.249950
0.249951
0.249950
0.249948
0.249947
0.249945
0.249944
0.249943
0.249943
0.249940
0.249937
0.249936
0.249934
0.249934
0.249933
0.249933
0.249933
0.249932
0.249932
0.249932
0.249932
0.249932
0.249932
0.249927
0.249928
0.249928
0.249927
0.249926
0.249924
0.249924
0.249922
0.249919
0.249921
0.249918
0.249918
0.249916
0.249916
0.249914
0.249913
0.249910
0.249908
0.249907
0.249905
0.249904
0.249903
0.249903
0.249901
0.249901
0.249900
0.249902
0.249899
0.249897
0.249897
0.249896
0.249896
0.249895
0.249894
0.249896
0.249895
0.249895
0.249894
0.249893
0.249893
0.249892
0.249889
0.249889
0.249888
0.249887
0.249888
0.249888
0.249889
0.249889
0.249886
0.249885
0.249884
0.249882
0.249880
0.249878
0.249878
0.249877
0.249874
0.249873
0.249873
0.249874
0.249873
0.249872
0.249870
0.249869
0.249869
0.249862
0.249862
0.249861
0.249862
0.249860
0.249860
0.249859
0.249859
0.249857
0.249855
0.249852
0.249852
0.249852
0.249852
0.249851
0.249850
0.249851
0.249849
0.249847
0.249845
0.249844
0.249842
0.249841
0.249839
0.249839
0.249838
0.249838
0.249836
0.249836
0.249837
0.249836
0.249836
0.249835
0.249833
0.249833
0.249808
0.249805
0.249805
0.249807
0.249806
0.249805
0.249803
0.249803
0.249802
0.249801
0.249800
0.249798
0.249797
0.249796
0.249795
0.249791
0.249791
0.249789
0.249788
0.249787
0.249785
0.249784
0.249784
0.249781
0.249779
0.249778
0.249777
0.249775
0.249774
0.249775
0.249774
0.249774
0.249774
0.249773
0.249774
0.249766
0.249766
0.249765
0.249768
0.249768
0.249767
0.249765
0.249764
0.249764
0.249763
0.249761
0.249761
0.249762
0.249761
0.249761
0.249759
0.249758
0.249759
0.249756
0.249757
0.249756
0.249756
0.249755
0.249754
0.249755
0.249754
0.249752
0.249751
0.249751
0.249751
0.249751
0.249747
0.249745
0.249745
0.249745
0.249743
0.249742
0.249644
0.249644
0.249646
0.249646
0.249646
0.249646
0.249645
0.249645
0.249645
0.249641
0.249640
0.249642
0.249639
0.249640
0.249640
0.249639
0.249638
0.249638
0.249632
0.249632
0.249631
0.249632
0.249630
0.249630
0.249630
0.249628
0.249627
0.249627
0.249624
0.249624
0.249624
0.249623
0.249622
0.249620
0.249620
0.249619
0.249618
0.249611
0.249613
0.249613
0.249610
0.249610
0.249610
0.249611
0.249609
0.249609
0.249608
0.249608
0.249607
0.249606
0.249604
0.249605
0.249603
0.249602
0.249601
0.249600
0.249598
0.249598
0.249596
0.249596
0.249596
0.249596
0.249595
0.249594
0.249593
0.249592
0.249591
0.249588
0.249588
0.249589
0.249589
0.249586
0.249587
0.249585
0.249586
0.249586
0.249561
0.249561
0.249560
0.249560
0.249560
0.249558
0.249556
0.249556
0.249555
0.249554
0.249552
0.249551
0.249550
0.249550
0.249551
0.249550
0.249548
0.249547
0.249546
0.249543
0.249541
0.249541
0.249539
0.249537
0.249536
0.249536
0.249537
0.249536
0.249536
0.249534
0.249534
0.249534
0.249534
0.249535
0.249535
0.249536
0.249537
0.249536
0.249537
0.249530
0.249529
0.249528
0.249527
0.249526
0.249527
0.249526
0.249527
0.249527
0.249527
0.249526
0.249525
0.249525
0.249523
0.249520
0.249518
0.249519
0.249517
0.249517
0.249518
0.249516
0.249513
0.249512
0.249513
0.249511
0.249511
0.249511
0.249509
0.249508
0.249508
0.249503
0.249502
0.249503
0.249502
0.249502
0.249502
0.249502
0.249500
0.249500
0.249499
0.249497
0.249334
0.249334
0.249334
0.249333
0.249333
0.249331
0.249331
0.249328
0.249327
0.249326
0.249326
0.249325
0.249324
0.249322
0.249321
0.249320
0.249318
0.249317
0.249316
0.249318
0.249316
0.249315
0.249315
0.249314
0.249313
0.249313
0.249311
0.249310
0.249308
0.249309
0.249309
0.249309
0.249309
0.249309
0.249310
0.249309
0.249307
0.249306
0.249306
0.249305
0.249303
0.249302
0.249295
0.249294
0.249293
0.249294
0.249293
0.249293
0.249292
0.249292
0.249292
0.249292
0.249292
0.249292
0.249292
0.249291
0.249289
0.249290
0.249290
0.249290
0.249289
0.249289
0.249288
0.249285
0.249285
0.249285
0.249287
0.249285
0.249286
0.249284
0.249284
0.249284
0.249283
0.249283
0.249281
0.249282
0.249282
0.249281
0.249278
0.249277
0.249276
0.249275
0.249274
0.249273
0.249272
0.249249
0.249248
0.249246
0.249245
0.249244
0.249243
0.249242
0.249243
0.249241
0.249242
0.249241
0.249240
0.249239
0.249239
0.249240
0.249238
0.249237
0.249237
0.249236
0.249238
0.249237
0.249238
0.249237
0.249236
0.249236
0.249234
0.249234
0.249232
0.249234
0.249233
0.249232
0.249232
0.249231
0.249231
0.249229
0.249229
0.249229
0.249227
0.249227
0.249228
0.249227
0.249225
0.249223
0.249221
0.249215
0.249215
0.249214
0.249216
0.249214
0.249213
0.249212
0.249213
0.249212
0.249212
0.249212
0.249208
0.249208
0.249209
0.249210
0.249209
0.249207
0.249208
0.249208
0.249205
0.249204
0.249202
0.249201
0.249201
0.249200
0.249199
0.249198
0.249196
0.249194
0.249193
0.249192
0.249191
0.249191
0.249190
0.249189
0.249188
0.249187
0.249186
0.249186
0.249186
0.249186
0.249188
0.249189
0.249189
0.249189
0.249091
0.249090
0.249090
0.249090
0.249090
0.249088
0.249091
0.249090
0.249090
0.249090
0.249090
0.249089
0.249088
0.249087
0.249087
0.249089
0.249088
0.249086
0.249085
0.249084
0.249084
0.249083
0.249081
0.249079
0.249079
0.249079
0.249077
0.249076
0.249076
0.249075
0.249075
0.249075
0.249074
0.249075
0.249075
0.249075
0.249074
0.249074
0.249074
0.249074
0.249073
0.249073
0.249072
0.249071
0.249073
0.249069
0.249068
0.249065
0.249064
0.249063
0.249063
0.249063
0.249062
0.249062
0.249062
0.249061
0.249060
0.249060
0.249059
0.249058
0.249057
0.249056
0.249055
0.249054
0.249055
0.249053
0.249053
0.249051
0.249051
0.249050
0.249047
0.249047
0.249048
0.249049
0.249047
0.249047
0.249047
0.249047
0.249047
0.249046
0.249046
0.249045
0.249045
0.249047
0.249046
0.249046
0.249046
0.249045
0.249044
0.249044
0.249042
0.249041
0.249042
0.249040
0.249016
0.249017
0.249016
0.249015
0.249014
0.249015
0.249015
0.249014
0.249014
0.249014
0.249013
0.249014
0.249013
0.249013
0.249012
0.249012
0.249010
0.249010
0.249012
0.249011
0.249011
0.249010
0.249010
0.249011
0.249010
0.249007
0.249005
0.249006
0.249008
0.249007
0.249008
0.249009
0.249007
0.249006
0.249004
0.249005
0.249004
0.249005
0.249004
0.249004
0.249003
0.249004
0.249004
0.249003
0.249001
0.249002
0.249002
0.249001
0.249000
0.249000
0.248994
0.248994
0.248992
0.248992
0.248990
0.248989
0.248990
0.248991
0.248991
0.248991
0.248990
0.248991
0.248989
0.248989
0.248988
0.248988
0.248985
0.248986
0.248985
0.248985
0.248985
0.248985
0.248984
0.248982
0.248981
0.248979
0.248980
0.248979
0.248979
0.248980
0.248979
0.248979
0.248981
0.248981
0.248981
0.248979
0.248978
0.248977
0.248974
0.248975
0.248976
0.248976
0.248976
0.248975
0.248975
0.248974
0.248975
0.248975
0.248974
0.248975
0.248974
0.248975
0.248975
0.248975
0.248974
0.248974
0.248976
0.248977
0.248976
0.248975
0.248974
0.248975
0.248974
0.248973
0.248973
0.248971
0.248971
0.248970
0.248970
0.248970
0.248970
0.248969
0.248969
0.248967
0.248965
0.248966
0.248963
0.248962
0.248962
0.248962
0.248961
0.248961
0.248961
0.248961
0.248960
0.248961
0.248961
0.248959
0.248958
0.248958
0.248957
0.248957
0.248957
0.248957
0.248957
0.248959
0.248960
0.248958
0.248958
0.248957
0.248958
0.248958
0.248951
0.248950
0.248949
0.248949
0.248949
0.248949
0.248948
0.248948
0.248948
0.248950
0.248951
0.248950
0.248950
0.248948
0.248949
0.248949
0.248949
0.248948
0.248948
0.248946
0.248946
0.248946
0.248947
0.248947
0.248944
0.248945
0.248943
0.248942
0.248942
0.248943
0.248942
0.248942
0.248941
0.248942
0.248943
0.248943
0.248942
0.248942
0.248943
0.248943
0.248943
0.248943
0.248942
0.248943
0.248942
0.248942
0.248942
0.248941
0.248940
0.248940
0.248940
0.248940
0.248941
0.248918
0.248917
0.248919
0.248917
0.248916
0.248917
0.248917
0.248917
0.248917
0.248918
0.248919
0.248918
0.248919
0.248918
0.248917
0.248918
0.248918
0.248918
0.248918
0.248918
0.248921
0.248921
0.248922
0.248923
0.248924
0.248924
0.248924
0.248925
0.248924
0.248924
0.248923
0.248924
0.248923
0.248923
0.248923
0.248923
0.248924
0.248923
0.248921
0.248921
0.248922
0.248921
0.248921
0.248922
0.248920
0.248920
0.248920
0.248920
0.248920
0.248919
0.248920
0.248920
0.248919
0.248916
0.248917
0.248913
0.248913
0.248912
0.248912
0.248912
0.248915
0.248914
0.248914
0.248913
0.248912
0.248913
0.248914
0.248914
0.248913
0.248914
0.248915
0.248915
0.248914
0.248914
0.248913
0.248912
0.248912
0.248910
0.248910
0.248910
0.248910
0.248909
0.248909
0.248907
0.248908
0.248909
0.248909
0.248910
0.248910
0.248910
0.248912
0.248911
0.248911
0.248910
0.248910
0.248910
0.248912
0.248913
0.248912
0.248913
0.248915
0.248913
0.248914
0.248914
0.248913
0.248915
0.248915
0.248915
0.248915
0.248913
0.248915
0.248915
0.248817
0.248816
0.248816
0.248815
0.248814
0.248814
0.248813
0.248812
0.248812
0.248813
0.248812
0.248813
0.248812
0.248813
0.248813
0.248814
0.248815
0.248815
0.248817
0.248816
0.248816
0.248815
0.248814
0.248813
0.248811
0.248811
0.248811
0.248811
0.248813
0.248811
0.248810
0.248809
0.248807
0.248807
0.248806
0.248808
0.248808
0.248809
0.248810
0.248810
0.248810
0.248810
0.248809
0.248810
0.248810
0.248808
0.248807
0.248807
0.248806
0.248806
0.248808
0.248808
0.248809
0.248809
0.248809
0.248809
0.248809
0.248809
0.248804
0.248806
0.248807
0.248807
0.248808
0.248808
0.248809
0.248809
0.248811
0.248811
0.248813
0.248815
0.248815
0.248816
0.248815
0.248815
0.248816
0.248819
0.248818
0.248817
0.248817
0.248818
0.248817
0.248817
0.248817
0.248818
0.248818
0.248818
0.248819
0.248820
0.248819
0.248819
0.248819
0.248819
0.248818
0.248818
0.248819
0.248817
0.248818
0.248818
0.248819
0.248818
0.248819
0.248820
0.248821
0.248819
0.248820
0.248822
0.248821
0.248822
0.248822
0.248823
0.248825
0.248825
0.248824
0.248823
0.248824
0.248825
0.248824
0.248825
0.248801
0.248801
0.248803
0.248803
0.248803
0.248804
0.248805
0.248805
0.248806
0.248807
0.248807
0.248809
0.248808
0.248808
0.248810
0.248811
0.248811
0.248812
0.248811
0.248810
0.248810
0.248811
0.248813
0.248813
0.248813
0.248812
0.248814
0.248815
0.248815
0.248815
0.248813
0.248812
0.248813
0.248815
0.248815
0.248813
0.248813
0.248815
0.248814
0.248814
0.248814
0.248817
0.248817
0.248820
0.248820
0.248822
0.248821
0.248820
0.248822
0.248822
0.248820
0.248820
0.248821
0.248822
0.248822
0.248824
0.248825
0.248825
0.248825
0.248824
0.248825
0.248824
0.248819
0.248820
0.248820
0.248819
0.248821
0.248820
0.248820
0.248821
0.248823
0.248822
0.248824
0.248824
0.248827
0.248828
0.248829
0.248829
0.248829
0.248829
0.248830
0.248829
0.248829
0.248829
0.248831
0.248829
0.248830
0.248830
0.248830
0.248832
0.248832
0.248832
0.248832
0.248832
0.248831
0.248831
0.248830
0.248831
0.248830
0.248830
0.248829
0.248832
0.248833
0.248834
0.248833
0.248834
0.248834
0.248834
0.248834
0.248834
0.248834
0.248834
0.248833
0.248835
0.248837
0.248840
0.248841
0.248840
0.248841
0.248840
0.248841
0.248841
0.248840
0.248840
0.248840
0.248840
0.248842
0.248683
0.248683
0.248684
0.248684
0.248685
0.248686
0.248687
0.248687
0.248686
0.248687
0.248687
0.248687
0.248688
0.248689
0.248691
0.248692
0.248693
0.248691
0.248692
0.248693
0.248694
0.248694
0.248695
0.248695
0.248695
0.248695
0.248696
0.248698
0.248698
0.248700
0.248703
0.248702
0.248705
0.248704
0.248703
0.248704
0.248704
0.248703
0.248704
0.248704
0.248706
0.248705
0.248707
0.248707
0.248705
0.248706
0.248705
0.248707
0.248707
0.248708
0.248708
0.248709
0.248709
0.248709
0.248708
0.248707
0.248709
0.248709
0.248711
0.248712
0.248713
0.248715
0.248714
0.248715
0.248715
0.248715
0.248710
0.248708
0.248708
0.248708
0.248707
0.248707
0.248710
0.248711
0.248711
0.248712
0.248712
0.248712
0.248713
0.248713
0.248714
0.248714
0.248716
0.248715
0.248715
0.248716
0.248717
0.248717
0.248717
0.248718
0.248717
0.248718
0.248719
0.248717
0.248718
0.248719
0.248720
0.248720
0.248720
0.248721
0.248720
0.248721
0.248722
0.248722
0.248724
0.248725
0.248725
0.248725
0.248726
0.248727
0.248728
0.248729
0.248730
0.248730
0.248733
0.248734
0.248733
0.248734
0.248734
0.248733
0.248734
0.248733
0.248733
0.248734
0.248733
0.248733
0.248733
0.248732
0.248735
0.248737
0.248737
0.248738
0.248739
0.248740
0.248739
0.248740
0.248718
0.248719
0.248721
0.248723
0.248723
0.248724
0.248725
0.248726
0.248727
0.248727
0.248728
0.248730
0.248730
0.248729
0.248729
0.248731
0.248732
0.248733
0.248733
0.248734
0.248737
0.248737
0.248739
0.248740
0.248739
0.248739
0.248739
0.248740
0.248740
0.248741
0.248742
0.248743
0.248745
0.248746
0.248747
0.248747
0.248745
0.248746
0.248746
0.248745
0.248745
0.248746
0.248747
0.248747
0.248748
0.248747
0.248747
0.248747
0.248747
0.248748
0.248748
0.248743
0.248743
0.248745
0.248744
0.248746
0.248746
0.248747
0.248748
0.248749
0.248750
0.248752
0.248750
0.248751
0.248752
0.248752
0.248756
0.248758
0.248758
0.248760
0.248760
0.248762
0.248763
0.248757
0.248758
0.248759
0.248760
0.248762
0.248763
0.248763
0.248764
0.248764
0.248765
0.248766
0.248767
0.248768
0.248769
0.248770
0.248770
0.248771
0.248772
0.248773
0.248773
0.248774
0.248774
0.248774
0.248774
0.248774
0.248776
0.248777
0.248778
0.248778
0.248779
0.248780
0.248780
0.248782
0.248784
0.248786
0.248787
0.248788
0.248792
0.248791
0.248791
0.248792
0.248792
0.248792
0.248793
0.248794
0.248793
0.248794
0.248794
0.248797
0.248797
0.248799
0.248798
0.248799
0.248800
0.248802
0.248804
0.248804
0.248804
0.248805
0.248805
0.248806
0.248807
0.248808
0.248808
0.248808
0.248806
0.248808
0.248809
0.248809
0.248809
0.248809
0.248810
0.248811
0.248811
0.248811
0.248812
0.248813
0.248715
0.248716
0.248716
0.248716
0.248717
0.248719
0.248719
0.248720
0.248721
0.248722
0.248723
0.248724
0.248724
0.248725
0.248726
0.248728
0.248731
0.248731
0.248731
0.248731
0.248732
0.248733
0.248735
0.248735
0.248735
0.248735
0.248735
0.248736
0.248737
0.248738
0.248739
0.248739
0.248738
0.248740
0.248741
0.248742
0.248743
0.248743
0.248745
0.248745
0.248746
0.248748
0.248750
0.248750
0.248751
0.248752
0.248752
0.248753
0.248753
0.248755
0.248754
0.248754
0.248755
0.248754
0.248755
0.248756
0.248757
0.248758
0.248758
0.248759
0.248759
0.248760
0.248761
0.248761
0.248762
0.248762
0.248764
0.248765
0.248766
0.248767
0.248765
0.248767
0.248768
0.248768
0.248771
0.248773
0.248773
0.248774
0.248773
0.248767
0.248767
0.248768
0.248770
0.248771
0.248772
0.248774
0.248775
0.248776
0.248776
0.248776
0.248777
0.248777
0.248778
0.248778
0.248779
0.248781
0.248781
0.248781
0.248783
0.248784
0.248785
0.248786
0.248786
0.248787
0.248789
0.248789
0.248793
0.248795
0.248796
0.248797
0.248797
0.248798
0.248800
0.248802
0.248805
0.248806
0.248808
0.248807
0.248807
0.248808
0.248809
0.248809
0.248810
0.248812
0.248812
0.248813
0.248813
0.248813
0.248814
0.248817
0.248818
0.248818
0.248819
0.248818
0.248818
0.248820
0.248823
0.248824
0.248824
0.248824
0.248826
0.248829
0.248831
0.248832
0.248833
0.248834
0.248834
0.248836
0.248837
0.248838
0.248839
0.248840
0.248842
0.248845
0.248846
0.248847
0.248848
0.248850
0.248852
0.248854
0.248855
0.248856
0.248859
0.248859
0.248860
0.248838
0.248840
0.248840
0.248840
0.248841
0.248841
0.248843
0.248844
0.248846
0.248844
0.248846
0.248846
0.248848
0.248850
0.248851
0.248852
0.248852
0.248853
0.248854
0.248855
0.248856
0.248857
0.248857
0.248858
0.248861
0.248862
0.248862
0.248864
0.248865
0.248866
0.248867
0.248867
0.248867
0.248869
0.248870
0.248871
0.248872
0.248874
0.248875
0.248875
0.248876
0.248875
0.248874
0.248877
0.248878
0.248878
0.248880
0.248881
0.248883
0.248883
0.248885
0.248885
0.248885
0.248884
0.248883
0.248885
0.248886
0.248886
0.248887
0.248890
0.248891
0.248894
0.248895
0.248894
0.248896
0.248897
0.248900
0.248902
0.248902
0.248905
0.248905
0.248906
0.248906
0.248911
0.248911
0.248912
0.248913
0.248913
0.248915
0.248916
0.248916
0.248918
0.248920
0.248921
0.248922
0.248923
0.248925
0.248926
0.248927
0.248928
0.248929
0.248931
0.248927
0.248928
0.248929
0.248931
0.248931
0.248932
0.248935
0.248937
0.248937
0.248938
0.248940
0.248941
0.248942
0.248942
0.248942
0.248943
0.248944
0.248946
0.248948
0.248951
0.248951
0.248952
0.248953
0.248955
0.248957
0.248957
0.248958
0.248959
0.248961
0.248961
0.248962
0.248965
0.248966
0.248968
0.248970
0.248970
0.248971
0.248972
0.248974
0.248975
0.248975
0.248977
0.248977
0.248978
0.248981
0.248983
0.248983
0.248983
0.248983
0.248984
0.248985
0.248986
0.248987
0.248987
0.248989
0.248989
0.248990
0.248990
0.248993
0.248994
0.248994
0.248996
0.248999
0.249000
0.249001
0.249002
0.249002
0.249002
0.249003
0.249006
0.249007
0.249008
0.249010
0.249010
0.249011
0.249012
0.249013
0.249014
0.249017
0.249019
0.249020
0.249022
0.249023
0.249023
0.249023
0.249023
0.249024
0.249026
0.249027
0.249024
0.249026
0.249027
0.249029
0.249029
0.249031
0.249032
0.249032
0.249033
0.249034
0.249036
0.249038
0.249040
0.249039
0.249039
0.249040
0.249041
0.249042
0.249042
0.249044
0.249046
0.249047
0.249048
0.249050
0.249051
0.249052
0.249052
0.249054
0.249054
0.249054
0.249056
0.249057
0.249059
0.249060
0.249061
0.249061
0.249064
0.249065
0.249067
0.249068
0.249069
0.249071
0.249071
0.249074
0.249074
0.249076
0.249078
0.249080
0.249081
0.249081
0.249082
0.249084
0.249084
0.249085
0.249087
0.249089
0.249090
0.249091
0.249090
0.249091
0.249092
0.249093
0.249095
0.249095
0.249096
0.249097
0.249097
0.249098
0.249099
0.249099
0.249099
0.249100
0.249101
0.249102
0.249103
0.249104
0.249105
0.249106
0.249107
0.249106
0.249107
0.249110
0.249111
0.249110
0.249111
0.249112
0.249113
0.249114
0.249115
0.249116
0.249117
0.249119
0.249119
0.249122
0.249123
0.249125
0.249127
0.249128
0.249129
0.249128
0.249129
0.249130
0.249130
0.249133
0.249134
0.249136
0.249139
0.249141
0.249142
0.249138
0.249138
0.249138
0.249139
0.249137
0.249138
0.249139
0.249139
0.249139
0.249140
0.249142
0.249142
0.249142
0.249144
0.249145
0.249145
0.249148
0.249149
0.249150
0.249151
0.249153
0.249155
0.249155
0.249158
0.249161
0.249161
0.249162
0.249163
0.249163
0.249164
0.249167
0.249168
0.249169
0.249172
0.249172
0.249176
0.249177
0.249177
0.249177
0.249178
0.249180
0.249180
0.249180
0.249182
0.249181
0.249182
0.249182
0.249183
0.249186
0.249188
0.249189
0.249190
0.249188
0.249190
0.249191
0.249191
0.249191
0.249194
0.249194
0.249196
0.249198
0.249200
0.249201
0.249202
0.249202
0.249203
0.249204
0.249205
0.249206
0.249206
0.249208
0.249208
0.249211
0.249212
0.249214
0.249215
0.249216
0.249217
0.249219
0.249219
0.249221
0.249222
0.249223
0.249225
0.249224
0.249226
0.249228
0.249231
0.249231
0.249232
0.249232
0.249233
0.249233
0.249236
0.249236
0.249237
0.249238
0.249238
0.249238
0.249240
0.249242
0.249244
0.249244
0.249246
0.249247
0.249248
0.249225
0.249228
0.249230
0.249230
0.249231
0.249233
0.249233
0.249236
0.249238
0.249239
0.249240
0.249241
0.249242
0.249243
0.249244
0.249245
0.249246
0.249247
0.249248
0.249250
0.249252
0.249253
0.249255
0.249256
0.249256
0.249257
0.249258
0.249260
0.249262
0.249263
0.249265
0.249266
0.249264
0.249267
0.249269
0.249270
0.249272
0.249274
0.249274
0.249276
0.249277
0.249278
0.249278
0.249279
0.249282
0.249284
0.249286
0.249289
0.249290
0.249290
0.249291
0.249290
0.249291
0.249292
0.249293
0.249294
0.249294
0.249294
0.249296
0.249298
0.249301
0.249302
0.249303
0.249305
0.249306
0.249307
0.249308
0.249311
0.249313
0.249315
0.249316
0.249315
0.249316
0.249320
0.249320
0.249321
0.249322
0.249322
0.249323
0.249324
0.249326
0.249327
