0.712383
0.711508
0.710070
0.709819
0.709662
0.709634
0.709620
0.709571
0.709516
0.709422
0.709401
0.709375
0.709347
0.709330
0.709220
0.709052
0.708758
0.708800
0.708779
0.708765
0.708749
0.708724
0.708647
0.708547
0.708529
0.708507
0.708484
0.708441
0.708018
0.703228
0.697033
0.694982
0.694651
0.694517
0.694490
0.694477
0.694419
0.694337
0.694265
0.694255
0.694229
0.694202
0.694184
0.694113
0.693724
0.693345
0.693291
0.693266
0.693237
0.693214
0.693200
0.693125
0.693027
0.692986
0.692977
0.692949
0.692921
0.692884
0.692587
0.690857
0.689520
0.689426
0.689408
0.689377
0.689356
0.689342
0.689281
0.689165
0.689127
0.689119
0.689095
0.689065
0.689049
0.689002
0.688599
0.688316
0.688453
0.688503
0.688477
0.688455
0.688443
0.688415
0.688290
0.688222
0.688216
0.688205
0.688171
0.688153
0.688144
0.688142
0.688153
0.688194
0.688210
0.688198
0.688164
0.688148
0.688134
0.688093
0.687963
0.687918
0.687910
0.687897
0.687862
0.687847
0.687842
0.687815
0.687488
0.687900
0.688309
0.688340
0.688310
0.688289
0.688278
0.688258
0.688164
0.688058
0.688051
0.688040
0.688020
0.687983
0.687956
0.687844
0.687154
0.684783
0.684353
0.684334
0.684322
0.684285
0.684270
0.684256
0.684232
0.684105
0.684039
0.684029
0.684018
0.683994
0.683965
0.683958
0.683941
0.683804
0.683427
0.683404
0.683392
0.683380
0.683343
0.683329
0.683315
0.683290
0.683158
0.683096
0.683085
0.683074
0.683050
0.683005
0.682894
0.682328
0.679006
0.670321
0.669641
0.669619
0.669608
0.669571
0.669558
0.669546
0.669527
0.669403
0.669333
0.669323
0.669313
0.669292
0.669257
0.669243
0.669197
0.669009
0.668374
0.668316
0.668304
0.668296
0.668256
0.668244
0.668237
0.668225
0.668118
0.668014
0.668007
0.667998
0.667982
0.667949
0.667947
0.667880
0.667326
0.664636
0.664320
0.664309
0.664299
0.664267
0.664250
0.664251
0.664231
0.664151
0.664015
0.664011
0.664007
0.664024
0.664074
0.664282
0.664297
0.664184
0.663559
0.663387
0.663376
0.663367
0.663345
0.663327
0.663319
0.663298
0.663235
0.663080
0.663074
0.663069
0.663079
0.663089
0.663091
0.663080
0.663076
0.663077
0.663074
0.663066
0.663060
0.663051
0.663016
0.663008
0.662990
0.662952
0.662818
0.662923
0.663266
0.664012
0.664097
0.664077
0.664059
0.663996
0.663688
0.663112
0.663109
0.663108
0.663097
0.663051
0.663044
0.663032
0.663005
0.662878
0.662825
0.662872
0.662866
0.662846
0.662807
0.662781
0.662651
0.661969
0.659063
0.658954
0.658942
0.658931
0.658895
0.658881
0.658882
0.658908
0.658964
0.659032
0.659027
0.659014
0.658999
0.658957
0.658947
0.658916
0.658786
0.658043
0.657980
0.657968
0.657959
0.657927
0.657910
0.657923
0.657955
0.657876
0.657739
0.657732
0.657721
0.657703
0.657662
0.657664
0.657259
0.654999
0.645026
0.644767
0.644755
0.644744
0.644700
0.644686
0.644675
0.644643
0.644510
0.644432
0.644423
0.644411
0.644395
0.644374
0.644366
0.644340
0.643998
0.643409
0.643401
0.643408
0.643460
0.643427
0.643420
0.643409
0.643369
0.643173
0.643165
0.643164
0.643170
0.643114
0.643107
0.643096
0.643092
0.639950
0.639305
0.639573
0.639630
0.639618
0.639593
0.639590
0.639578
0.639574
0.639360
0.639352
0.639339
0.639334
0.639289
0.639276
0.639265
0.639257
0.638926
0.638446
0.638393
0.638372
0.638369
0.638319
0.638308
0.638294
0.638302
0.638152
0.638077
0.638058
0.638050
0.638027
0.637991
0.638343
0.638993
0.639197
0.639276
0.639297
0.639291
0.639285
0.639239
0.639238
0.639230
0.639224
0.639079
0.638993
0.638972
0.638960
0.638984
0.638985
0.638987
0.638978
0.638967
0.638110
0.638011
0.637987
0.637987
0.637937
0.637926
0.637915
0.637910
0.637711
0.637806
0.637969
0.638024
0.637998
0.637992
0.637980
0.637974
0.635114
0.634196
0.634032
0.633989
0.633942
0.633925
0.633910
0.633948
0.633813
0.633759
0.633741
0.633735
0.633691
0.633672
0.633671
0.633670
0.632947
0.632715
0.632663
0.632647
0.632597
0.632579
0.632563
0.632555
0.632356
0.632311
0.632289
0.632292
0.632247
0.632238
0.632225
0.631272
0.621435
0.620259
0.620056
0.619995
0.619967
0.619957
0.619950
0.619791
0.619729
0.619711
0.619703
0.619657
0.619644
0.619628
0.619801
0.619110
0.619046
0.619035
0.619004
0.618976
0.618969
0.618971
0.618796
0.618737
0.618716
0.618708
0.618685
0.618719
0.618723
0.616645
0.615062
0.614808
0.614757
0.614710
0.614697
0.614684
0.614599
0.614455
0.614942
0.615427
0.615545
0.615592
0.615599
0.615549
0.614717
0.614623
0.614600
0.614552
0.614535
0.614522
0.614553
0.614380
0.614354
0.614347
0.614297
0.614290
0.614284
0.614282
0.614282
0.614271
0.614264
0.614477
0.614577
0.614596
0.614458
0.614370
0.614353
0.614355
0.614302
0.614287
0.614278
0.613545
0.613356
0.613335
0.613307
0.613273
0.613258
0.613259
0.613056
0.613012
0.612997
0.612953
0.612929
0.612911
0.612903
0.609199
0.608820
0.608749
0.608696
0.608684
0.608668
0.608535
0.608422
0.608427
0.608468
0.608426
0.608415
0.608407
0.607645
0.607410
0.607370
0.607332
0.607299
0.607282
0.607537
0.607438
0.607436
0.607438
0.607391
0.607388
0.607380
0.600717
0.596328
0.595828
0.595784
0.595749
0.595741
0.595740
0.595523
0.595491
0.595487
0.595438
0.595426
0.595409
0.595243
0.595423
0.595523
0.595537
0.595522
0.595522
0.595526
0.595289
0.595262
0.595252
0.595254
0.595269
0.595270
0.591756
0.591176
0.591125
0.591071
0.591058
0.591041
0.590850
0.591118
0.591180
0.591158
0.591143
0.591137
0.590506
0.590128
0.590088
0.590045
0.590083
0.590096
0.589966
0.589848
0.589826
0.589807
0.589776
0.589763
0.589758
0.589754
0.589737
0.589703
0.589668
0.589651
0.589567
0.589409
0.589389
0.589370
0.589367
0.589391
0.589077
0.588383
0.588327
0.588322
0.588274
0.588259
0.588176
0.588236
0.588338
0.588287
0.587868
0.585063
0.584068
0.583999
0.584010
0.583873
0.583768
0.583737
0.583684
0.583391
0.583545
0.583639
0.583622
0.583451
0.583171
0.582890
0.580604
0.574583
0.572493
0.572432
0.572438
0.572478
0.572444
0.572326
0.571783
0.571444
0.571399
0.571324
0.571193
0.570928
0.570416
0.568240
0.567061
0.566671
0.566594
0.566476
0.566380
0.566204
0.565649
0.565482
0.565460
0.565490
0.565415
0.565378
0.565377
0.565404
0.565393
0.565336
0.565217
0.565384
0.565819
0.565614
0.565107
0.564979
0.564941
0.564803
0.564715
0.564661
0.563365
0.560787
0.560592
0.560490
0.560298
0.560229
0.560206
0.560219
0.559200
0.559094
0.559030
0.558828
0.558717
0.558646
0.558622
0.549754
0.548640
0.548489
0.548324
0.548185
0.548127
0.548431
0.547600
0.547436
0.547377
0.547355
0.547178
0.547131
0.547109
0.543582
0.543127
0.543503
0.543514
0.543279
0.543237
0.543279
0.542421
0.542181
0.542112
0.542108
0.542238
0.542207
0.542187
0.542195
0.542262
0.542227
0.542217
0.541948
0.541885
0.541839
0.540850
0.540687
0.540609
0.540658
0.540394
0.540342
0.540318
0.536289
0.536106
0.536018
0.535823
0.535718
0.535748
0.535730
0.534630
0.534536
0.535242
0.535096
0.535077
0.535026
0.532457
0.526003
0.525790
0.525733
0.525718
0.525817
0.525764
0.524796
0.524668
0.524661
0.524631
0.524375
0.524309
0.524277
0.519871
0.519668
0.519565
0.519379
0.519319
0.519260
0.518953
0.518509
0.518441
0.518438
0.518169
0.518207
0.518177
0.518199
0.518294
0.518902
0.518711
0.518649
0.518624
0.518685
0.517557
0.517485
0.517692
0.517603
0.517597
0.517542
0.514131
0.512867
0.512761
0.512727
0.512418
0.512337
0.512311
0.511158
0.511166
0.511091
0.510887
0.510770
0.511109
0.511095
0.502935
0.502709
0.502709
0.502414
0.502389
0.502327
0.502570
0.501825
0.501771
0.501794
0.501577
0.501585
0.501526
0.497430
0.497208
0.497120
0.497085
0.496878
0.496809
0.496811
0.495639
0.495594
0.495509
0.495246
0.495273
0.495236
0.495237
0.495233
0.495557
0.495564
0.495297
0.495285
0.495314
0.494240
0.494107
0.494303
0.494661
0.494394
0.494347
0.494411
0.489606
0.489455
0.489349
0.489738
0.489437
0.489385
0.489437
0.488240
0.488224
0.488151
0.487880
0.487819
0.487769
0.487754
0.480617
0.480488
0.480357
0.480407
0.480382
0.480316
0.480289
0.479173
0.479073
0.479067
0.479296
0.479335
0.479299
0.478816
0.474484
0.474360
0.474342
0.474411
0.474430
0.474374
0.473192
0.473218
0.473141
0.473152
0.472847
0.472773
0.472776
0.472790
0.472878
0.472839
0.472834
0.472907
0.472853
0.472868
0.471631
0.471708
0.471654
0.471630
0.471831
0.471782
0.471804
0.466822
0.466735
0.466644
0.466614
0.466686
0.466622
0.466638
0.465455
0.465424
0.465365
0.465351
0.465006
0.464962
0.464955
0.458850
0.458730
0.458626
0.458962
0.458651
0.458573
0.458550
0.457402
0.457376
0.457290
0.457729
0.457434
0.457378
0.457464
0.452475
0.452391
0.452270
0.452634
0.452342
0.452328
0.452331
0.451076
0.451059
0.450969
0.450945
0.450647
0.450635
0.450665
0.450679
0.450676
0.451007
0.451036
0.450728
0.450816
0.450752
0.450763
0.449869
0.449806
0.449825
0.449613
0.449610
0.449566
0.449719
0.444667
0.444554
0.444513
0.444272
0.444269
0.444190
0.444169
0.442848
0.442781
0.442810
0.442496
0.442482
0.442808
0.442822
0.437640
0.437655
0.437546
0.437242
0.437561
0.437488
0.437489
0.436297
0.436274
0.436209
0.436377
0.436237
0.436190
0.436273
0.431075
0.431020
0.430905
0.430849
0.430538
0.430538
0.430503
0.429217
0.429555
0.429476
0.429473
0.429235
0.429215
0.429161
0.429485
0.429490
0.429440
0.429527
0.429215
0.429227
0.429541
0.429483
0.428228
0.428294
0.428244
0.427991
0.427914
0.427858
0.427856
0.422655
0.422415
0.422316
0.422660
0.422322
0.422311
0.422312
0.422234
0.420935
0.421164
0.421097
0.421012
0.420831
0.420784
0.420747
0.417963
0.417108
0.417027
0.417062
0.416764
0.416714
0.416629
0.416602
0.415353
0.415338
0.415267
0.415256
0.415264
0.415260
0.415200
0.414999
0.409961
0.409875
0.409975
0.409908
0.409610
0.409635
0.409567
0.409339
0.408546
0.408512
0.408482
0.408379
0.408171
0.408112
0.408059
0.408068
0.408118
0.408080
0.408071
0.408094
0.408088
0.408041
0.408097
0.407006
0.406736
0.406862
0.406865
0.406743
0.406603
0.406602
0.406534
0.406795
0.401281
0.401221
0.401188
0.401160
0.400800
0.400750
0.400664
0.400632
0.399386
0.399268
0.399188
0.399480
0.399211
0.399140
0.399134
0.399110
0.397398
0.396570
0.396472
0.396428
0.396400
0.396125
0.396244
0.396317
0.396314
0.395224
0.395027
0.394960
0.394923
0.394655
0.394573
0.394557
0.394549
0.393349
0.389675
0.389365
0.389249
0.389239
0.388957
0.388879
0.388881
0.388873
0.387879
0.387573
0.387479
0.387473
0.387600
0.387405
0.387376
0.387343
0.387333
0.387328
0.387310
0.387254
0.387265
0.387155
0.386984
0.387121
0.387165
0.387157
0.386170
0.385909
0.385801
0.385829
0.385777
0.385559
0.385544
0.385496
0.385463
0.382062
0.380613
0.380088
0.379992
0.379931
0.379645
0.379538
0.379455
0.379401
0.379193
0.378247
0.378075
0.378112
0.378137
0.378024
0.377867
0.377819
0.377768
0.377743
0.376850
0.376486
0.376340
0.376274
0.376351
0.376215
0.376194
0.376171
0.376137
0.376009
0.375104
0.374857
0.374709
0.374679
0.374618
0.374429
0.374514
0.374502
0.374483
0.373390
0.370231
0.369433
0.368978
0.368869
0.368739
0.368541
0.368466
0.368460
0.368519
0.368139
0.367486
0.367308
0.367163
0.367098
0.366953
0.366775
0.366729
0.366665
0.366675
0.366799
0.366857
0.366891
0.366888
0.366869
0.366756
0.366611
0.366561
0.366509
0.366471
0.366032
0.365519
0.365419
0.365321
0.365302
0.365189
0.365020
0.364942
0.364838
0.364647
0.362970
0.360403
0.359762
0.359355
0.359135
0.359019
0.358835
0.358743
0.358642
0.358543
0.358172
0.357505
0.357297
0.357226
0.357203
0.357134
0.357000
0.356942
0.356873
0.356809
0.356757
0.356681
0.356654
0.356643
0.356686
0.356697
0.356581
0.356535
0.356498
0.356435
0.356271
0.355780
0.355347
0.355201
0.355109
0.355092
0.355017
0.354904
0.354848
0.354753
0.354483
0.353193
0.350988
0.350036
0.349565
0.349253
0.349080
0.348938
0.348834
0.348774
0.348687
0.348506
0.348057
0.347585
0.347390
0.347276
0.347214
0.347155
0.347050
0.347004
0.346969
0.346922
0.346894
0.346887
0.346895
0.346885
0.346884
0.346900
0.346855
0.346772
0.346730
0.346688
0.346606
0.346377
0.345971
0.345608
0.345441
0.345354
0.345287
0.345195
0.345067
0.344984
0.344885
0.344707
0.344183
0.342921
0.341360
0.340616
0.340172
0.339890
0.339661
0.339464
0.339320
0.339233
0.339142
0.339020
0.338788
0.338414
0.338074
0.337918
0.337817
0.337740
0.337649
0.337547
0.337457
0.337402
0.337350
0.337319
0.337311
0.337325
0.337351
0.337372
0.337371
0.337353
0.337302
0.337221
0.337142
0.337079
0.337005
0.336883
0.336675
0.336392
0.336121
0.335964
0.335837
0.335718
0.335597
0.335452
0.335317
0.335204
0.335009
0.334611
0.333915
0.332955
0.331906
0.331369
0.330950
0.330631
0.330384
0.330178
0.330013
0.329924
0.329842
0.329722
0.329542
0.329286
0.329044
0.328795
0.328647
0.328520
0.328416
0.328327
0.328254
0.328195
0.328163
0.328140
0.328123
0.328112
0.328098
0.328082
0.328065
0.328048
0.328020
0.327988
0.327942
0.327876
0.327831
0.327751
0.327618
0.327436
0.327219
0.326995
0.326757
0.326616
0.326484
0.326353
0.326234
0.326113
0.325969
0.325796
0.325491
0.325031
0.324419
0.323724
0.323155
0.322481
0.322122
0.321813
0.321545
0.321340
0.321181
0.321035
0.320912
0.320772
0.320609
0.320411
0.320206
0.320034
0.319825
0.319703
0.319591
0.319488
0.319398
0.319331
0.319263
0.319222
0.319194
0.319172
0.319157
0.319140
0.319127
0.319113
0.319092
0.319067
0.319028
0.318984
0.318931
0.318858
0.318783
0.318677
0.318547
0.318390
0.318186
0.317997
0.317770
0.317632
0.317499
0.317376
0.317245
0.317123
0.316993
0.316784
0.316511
0.316151
0.315731
0.315245
0.314735
0.314321
0.313756
0.313476
0.313224
0.312995
0.312793
0.312615
0.312463
0.312299
0.312149
0.312001
0.311840
0.311684
0.311523
0.311389
0.311202
0.311102
0.311007
0.310914
0.310828
0.310756
0.310700
0.310641
0.310612
0.310589
0.310560
0.310526
0.310500
0.310478
0.310453
0.310430
0.310403
0.310369
0.310329
0.310290
0.310233
0.310155
0.310052
0.309954
0.309816
0.309646
0.309484
0.309324
0.309196
0.308998
0.308883
0.308776
0.308667
0.308545
0.308392
0.308194
0.307944
0.307660
0.307374
0.307064
0.306731
0.306401
0.306073
0.305811
0.305575
0.305139
0.304940
0.304750
0.304568
0.304388
0.304211
0.304044
0.303869
0.303725
0.303593
0.303458
0.303330
0.303209
0.303105
0.303019
0.302858
0.302784
0.302702
0.302632
0.302564
0.302507
0.302457
0.302399
0.302371
0.302343
0.302273
0.302234
0.302200
0.302168
0.302134
0.302106
0.302072
0.302043
0.301991
0.301926
0.301858
0.301784
0.301704
0.301607
0.301534
0.301394
0.301181
0.301069
0.300961
0.300864
0.300769
0.300591
0.300491
0.300358
0.300184
0.299991
0.299793
0.299584
0.299368
0.299148
0.298930
0.298689
0.298416
0.298193
0.297971
0.297788
0.297621
0.297460
0.297082
0.296919
0.296746
0.296589
0.296428
0.296274
0.296129
0.295986
0.295826
0.295687
0.295547
0.295425
0.295294
0.295192
0.295101
0.295017
0.294938
0.294790
0.294724
0.294657
0.294600
0.294546
0.294505
0.294463
0.294419
0.294351
0.294305
0.294249
0.294177
0.294126
0.294090
0.294051
0.294010
0.293956
0.293897
0.293836
0.293767
0.293697
0.293623
0.293547
0.293473
0.293395
0.293291
0.293191
0.293076
0.292941
0.292780
0.292676
0.292581
0.292472
0.292350
0.292123
0.291977
0.291820
0.291655
0.291487
0.291316
0.291157
0.290993
0.290824
0.290626
0.290450
0.290274
0.290093
0.289899
0.289724
0.289580
0.289439
0.289292
0.288940
0.288802
0.288667
0.288533
0.288407
0.288271
0.288155
0.288038
0.287929
0.287813
0.287679
0.287572
0.287468
0.287367
0.287266
0.287181
0.287097
0.287024
0.286954
0.286798
0.286730
0.286667
0.286605
0.286546
0.286483
0.286430
0.286379
0.286329
0.286254
0.286201
0.286148
0.286085
0.286021
0.285949
0.285877
0.285815
0.285750
0.285683
0.285613
0.285538
0.285468
0.285386
0.285316
0.285238
0.285162
0.285076
0.284990
0.284903
0.284785
0.284680
0.284571
0.284453
0.284319
0.284180
0.284046
0.283899
0.283775
0.283648
0.283441
0.283309
0.283179
0.283045
0.282922
0.282783
0.282658
0.282528
0.282386
0.282256
0.282106
0.281966
0.281832
0.281691
0.281560
0.281426
0.281300
0.281168
0.281043
0.280927
0.280820
0.280505
0.280398
0.280293
0.280192
0.280097
0.280001
0.279908
0.279815
0.279725
0.279635
0.279547
0.279442
0.279357
0.279275
0.279201
0.279125
0.279052
0.278986
0.278923
0.278858
0.278798
0.278737
0.278586
0.278527
0.278468
0.278404
0.278347
0.278287
0.278233
0.278180
0.278125
0.278066
0.278009
0.277928
0.277870
0.277812
0.277750
0.277690
0.277626
0.277558
0.277493
0.277428
0.277358
0.277285
0.277215
0.277147
0.277072
0.277002
0.276931
0.276860
0.276784
0.276703
0.276629
0.276544
0.276464
0.276380
0.276291
0.276178
0.276086
0.275996
0.275899
0.275804
0.275715
0.275614
0.275521
0.275424
0.275322
0.275217
0.275114
0.274916
0.274818
0.274716
0.274616
0.274518
0.274409
0.274306
0.274216
0.274115
0.274019
0.273917
0.273824
0.273731
0.273617
0.273523
0.273427
0.273336
0.273252
0.273164
0.273081
0.272999
0.272916
0.272838
0.272757
0.272679
0.272604
0.272336
0.272262
0.272193
0.272128
0.272052
0.271975
0.271908
0.271843
0.271777
0.271712
0.271649
0.271589
0.271528
0.271454
0.271396
0.271339
0.271290
0.271238
0.271188
0.271142
0.271096
0.271049
0.271004
0.270957
0.270910
0.270872
0.270831
0.270700
0.270659
0.270615
0.270575
0.270531
0.270489
0.270453
0.270414
0.270370
0.270331
0.270295
0.270253
0.270212
0.270172
0.270129
0.270063
0.270025
0.269983
0.269943
0.269900
0.269855
0.269813
0.269765
0.269718
0.269676
0.269632
0.269586
0.269541
0.269497
0.269452
0.269403
0.269354
0.269301
0.269248
0.269192
0.269136
0.269086
0.269033
0.268970
0.268919
0.268862
0.268809
0.268746
0.268697
0.268642
0.268585
0.268506
0.268450
0.268390
0.268335
0.268277
0.268218
0.268157
0.268097
0.268030
0.267973
0.267916
0.267859
0.267792
0.267740
0.267685
0.267626
0.267480
0.267425
0.267367
0.267306
0.267246
0.267186
0.267127
0.267076
0.267011
0.266953
0.266889
0.266830
0.266762
0.266702
0.266648
0.266601
0.266545
0.266472
0.266415
0.266366
0.266315
0.266263
0.266214
0.266161
0.266111
0.266061
0.266009
0.265967
0.265923
0.265879
0.265834
0.265797
0.265753
0.265714
0.265668
0.265444
0.265407
0.265363
0.265327
0.265296
0.265256
0.265224
0.265193
0.265158
0.265118
0.265084
0.265053
0.265025
0.264993
0.264960
0.264933
0.264905
0.264877
0.264848
0.264798
0.264769
0.264743
0.264715
0.264689
0.264663
0.264638
0.264614
0.264589
0.264567
0.264542
0.264518
0.264497
0.264474
0.264453
0.264429
0.264414
0.264397
0.264378
0.264357
0.264241
0.264225
0.264206
0.264186
0.264165
0.264145
0.264129
0.264108
0.264092
0.264076
0.264055
0.264040
0.264020
0.264000
0.263983
0.263963
0.263947
0.263929
0.263910
0.263894
0.263876
0.263839
0.263821
0.263801
0.263784
0.263768
0.263746
0.263730
0.263711
0.263690
0.263669
0.263652
0.263627
0.263609
0.263586
0.263565
0.263544
0.263522
0.263498
0.263476
0.263455
0.263433
0.263411
0.263385
0.263362
0.263341
0.263318
0.263292
0.263273
0.263249
0.263227
0.263204
0.263176
0.263153
0.263128
0.263094
0.263073
0.263049
0.263027
0.262999
0.262977
0.262949
0.262930
0.262900
0.262879
0.262851
0.262830
0.262802
0.262753
0.262732
0.262709
0.262678
0.262656
0.262632
0.262607
0.262579
0.262557
0.262529
0.262508
0.262482
0.262456
0.262428
0.262408
0.262381
0.262354
0.262333
0.262307
0.262283
0.262259
0.262235
0.262214
0.262190
0.262162
0.262134
0.262015
0.261992
0.261967
0.261944
0.261922
0.261900
0.261879
0.261856
0.261830
0.261807
0.261783
0.261764
0.261737
0.261714
0.261689
0.261669
0.261644
0.261620
0.261597
0.261576
0.261555
0.261536
0.261515
0.261496
0.261475
0.261455
0.261434
0.261411
0.261396
0.261354
0.261333
0.261316
0.261300
0.261278
0.261261
0.261241
0.261225
0.261209
0.261190
0.261176
0.261163
0.261149
0.261134
0.261119
0.261098
0.261083
0.261070
0.261058
0.261042
0.261030
0.261019
0.261007
0.260990
0.260978
0.260966
0.260955
0.260941
0.260932
0.260920
0.260907
0.260714
0.260703
0.260691
0.260678
0.260666
0.260657
0.260646
0.260637
0.260629
0.260620
0.260607
0.260600
0.260597
0.260587
0.260577
0.260566
0.260559
0.260550
0.260537
0.260529
0.260521
0.260510
0.260584
0.260576
0.260568
0.260562
0.260555
0.260543
0.260540
0.260533
0.260527
0.260520
0.260514
0.260509
0.260502
0.260493
0.260465
0.260462
0.260457
0.260449
0.260443
0.260440
0.260439
0.260434
0.260428
0.260421
0.260415
0.260409
0.260408
0.260406
0.260401
0.260393
0.260388
0.260385
0.260383
0.260372
0.260370
0.260368
0.260365
0.260362
0.260360
0.260356
0.260353
0.260349
0.260346
0.260343
0.260339
0.260334
0.260330
0.260325
0.260320
0.260316
0.260313
0.260312
0.260307
0.260210
0.260207
0.260202
0.260202
0.260196
0.260192
0.260192
0.260189
0.260185
0.260180
0.260179
0.260173
0.260170
0.260168
0.260168
0.260162
0.260161
0.260159
0.260156
0.260151
0.260151
0.260146
0.260139
0.260137
0.260133
0.260129
0.260127
0.260124
0.260120
0.260116
0.260112
0.260109
0.260107
0.260103
0.260098
0.260095
0.260091
0.260089
0.260085
0.260086
0.260085
0.260080
0.260075
0.260073
0.260046
0.260040
0.260037
0.260035
0.260031
0.260027
0.260022
0.260018
0.260015
0.260012
0.260008
0.260008
0.260000
0.259998
0.259997
0.259992
0.259988
0.259889
0.259886
0.259879
0.259876
0.259870
0.259866
0.259864
0.259854
0.259848
0.259843
0.259838
0.259835
0.259829
0.259823
0.259819
0.259815
0.259814
0.259810
0.259806
0.259802
0.259794
0.259789
0.259784
0.259779
0.259773
0.259768
0.259765
0.259761
0.259756
0.259749
0.259743
0.259738
0.259733
0.259726
0.259720
0.259714
0.259708
0.259705
0.259700
0.259695
0.259687
0.259682
0.259678
0.259671
0.259665
0.259661
0.259654
0.259649
0.259641
0.259635
0.259629
0.259624
0.259619
0.259613
0.259607
0.259602
0.259598
0.259590
0.259586
0.259576
0.259565
0.259557
0.259554
0.259549
0.259544
0.259537
0.259531
0.259523
0.259515
0.259508
0.259503
0.259498
0.259494
0.259490
0.259484
0.259477
0.259470
0.259465
0.259462
0.259455
0.259449
0.259444
0.259438
0.259433
0.259425
0.259417
0.259410
0.259404
0.259396
0.259369
0.259361
0.259354
0.259347
0.259342
0.259337
0.259330
0.259322
0.259317
0.259312
0.259308
0.259301
0.259295
0.259289
0.259279
0.259273
0.259268
0.259263
0.259258
0.259252
0.259248
0.259240
0.259235
0.259229
0.259224
0.259218
0.259214
0.259209
0.259201
0.259195
0.259184
0.259177
0.259172
0.259170
0.259164
0.259158
0.259152
0.259147
0.259142
0.259139
0.259133
0.259127
0.259122
0.259118
0.259113
0.259107
0.259100
0.259095
0.259090
0.259083
0.259079
0.259075
0.259068
0.259064
0.259056
0.259050
0.259046
0.259041
0.259035
0.259028
0.259022
0.259019
0.259014
0.258914
0.258904
0.258900
0.258896
0.258892
0.258886
0.258881
0.258869
0.258865
0.258861
0.258854
0.258849
0.258841
0.258834
0.258830
0.258825
0.258819
0.258817
0.258812
0.258805
0.258797
0.258793
0.258788
0.258786
0.258781
0.258777
0.258772
0.258765
0.258760
0.258753
0.258744
0.258736
0.258730
0.258721
0.258717
0.258705
0.258700
0.258693
0.258690
0.258685
0.258681
0.258679
0.258674
0.258671
0.258661
0.258657
0.258652
0.258649
0.258645
0.258641
0.258635
0.258633
0.258630
0.258624
0.258619
0.258614
0.258605
0.258601
0.258593
0.258589
0.258588
0.258585
0.258578
0.258569
0.258566
0.258564
0.258561
0.258556
0.258553
0.258546
0.258542
0.258540
0.258514
0.258512
0.258507
0.258503
0.258496
0.258492
0.258490
0.258486
0.258484
0.258482
0.258478
0.258475
0.258471
0.258467
0.258464
0.258461
0.258459
0.258455
0.258455
0.258449
0.258450
0.258447
0.258445
0.258441
0.258438
0.258436
0.258433
0.258431
0.258428
0.258425
0.258422
0.258420
0.258415
0.258413
0.258410
0.258407
0.258405
0.258406
0.258403
0.258395
0.258391
0.258387
0.258387
0.258384
0.258379
0.258375
0.258373
0.258374
0.258372
0.258369
0.258366
0.258366
0.258362
0.258361
0.258361
0.258357
0.258354
0.258353
0.258351
0.258351
0.258348
0.258345
0.258343
0.258340
0.258340
0.258337
0.258334
0.258334
0.258332
0.258331
0.258330
0.258327
0.258325
0.258323
0.258324
0.258322
0.258322
0.258320
0.258319
0.258316
0.258313
0.258312
0.258135
0.258133
0.258129
0.258128
0.258124
0.258123
0.258121
0.258120
0.258119
0.258119
0.258116
0.258115
0.258116
0.258116
0.258116
0.258115
0.258114
0.258111
0.258110
0.258109
0.258109
0.258107
0.258106
0.258105
0.258105
0.258104
0.258100
0.258100
0.258099
0.258095
0.258096
0.258095
0.258094
0.258091
0.258091
0.258088
0.258086
0.258085
0.258086
0.258083
0.258082
0.258079
0.258078
0.258076
0.258075
0.258069
0.258067
0.258067
0.258069
0.258070
0.258068
0.258067
0.258069
0.258067
0.258063
0.258062
0.258062
0.258063
0.258063
0.258061
0.258062
0.258061
0.258059
0.258058
0.258057
0.258057
0.258055
0.258057
0.258054
0.258052
0.258051
0.258053
0.258053
0.258053
0.258051
0.258051
0.258050
0.258049
0.258049
0.258050
0.258049
0.258048
0.258047
0.258049
0.258046
0.258046
0.258046
0.258046
0.258045
0.258045
0.258045
0.258044
0.258042
0.258043
0.258018
0.258017
0.258018
0.258018
0.258018
0.258019
0.258019
0.258016
0.258017
0.258016
0.258016
0.258015
0.258015
0.258013
0.258013
0.258014
0.258013
0.258015
0.258014
0.257999
0.257999
0.258000
0.258000
0.258001
0.258002
0.258001
0.258002
0.258001
0.257999
0.257999
0.257999
0.258000
0.258000
0.258001
0.258000
0.258000
0.257999
0.258000
0.257999
0.257999
0.257998
0.257997
0.257997
0.257997
0.257997
0.257997
0.257996
0.257998
0.258000
0.258000
0.258000
0.258000
0.257996
0.257996
0.257996
0.257998
0.257999
0.258000
0.258000
0.258000
0.258000
0.258000
0.258000
0.258000
0.258000
0.258000
0.258001
0.258002
0.258001
0.258000
0.258001
0.258002
0.258000
0.258000
0.258000
0.258001
0.258001
0.258002
0.258000
0.258001
0.258002
0.258002
0.258001
0.258000
0.258002
0.258003
0.258004
0.258004
0.258006
0.258007
0.258006
0.258006
0.258007
0.258008
0.258006
0.258006
0.258005
0.258006
0.258007
0.258007
0.258007
0.258007
0.258008
0.258008
0.258009
0.258008
0.258010
0.258010
0.258011
0.257919
0.257919
0.257918
0.257919
0.257924
0.257923
0.257923
0.257923
0.257924
0.257923
0.257925
0.257926
0.257927
0.257928
0.257929
0.257928
0.257928
0.257929
0.257929
0.257930
0.257932
0.257932
0.257932
0.257933
0.257932
0.257932
0.257932
0.257932
0.257932
0.257933
0.257932
0.257932
0.257961
0.257958
0.257960
0.257960
0.257959
0.257960
0.257963
0.257963
0.257963
0.257962
0.257962
0.257962
0.257964
0.257965
0.257965
0.257967
0.257967
0.257965
0.257966
0.257967
0.257968
0.257969
0.257969
0.257968
0.257968
0.257968
0.257969
0.257969
0.257969
0.257963
0.257964
0.257965
0.257966
0.257968
0.257970
0.257970
0.257971
0.257972
0.257973
0.257973
0.257973
0.257974
0.257976
0.257976
0.257977
0.257976
0.257978
0.257978
0.257978
0.257977
0.257977
0.257980
0.257979
0.257979
0.257979
0.257978
0.257978
0.257979
0.257981
0.257982
0.257983
0.257983
0.257982
0.257981
0.257981
0.257982
0.257983
0.257984
0.257986
0.257987
0.257989
0.257988
0.257989
0.257990
0.257992
0.257992
0.257992
0.257992
0.257996
0.257994
0.257993
0.257992
0.257993
0.257997
0.257997
0.257999
0.257999
0.257997
0.257998
0.257997
0.257997
0.257998
0.257998
0.257999
0.257999
0.257999
0.258000
0.257977
0.257977
0.257977
0.257978
0.257978
0.257980
0.257981
0.257980
0.257980
0.257979
0.257982
0.257919
0.257919
0.257921
0.257920
0.257920
0.257920
0.257920
0.257919
0.257921
0.257924
0.257924
0.257923
0.257924
0.257924
0.257925
0.257925
0.257925
0.257924
0.257925
0.257926
0.257926
0.257926
0.257927
0.257926
0.257927
0.257925
0.257926
0.257927
0.257928
0.257929
0.257930
0.257929
0.257928
0.257929
0.257929
0.257930
0.257929
0.257929
0.257929
0.257928
0.257928
0.257927
0.257926
0.257927
0.257926
0.257926
0.257927
0.257928
0.257932
0.257931
0.257931
0.257930
0.257932
0.257933
0.257934
0.257935
0.257934
0.257933
0.257935
0.257933
0.257933
0.257933
0.257934
0.257927
0.257927
0.257928
0.257928
0.257927
0.257927
0.257927
0.257927
0.257927
0.257930
0.257929
0.257930
0.257930
0.257931
0.257932
0.257936
0.257935
0.257935
0.257934
0.257932
0.257933
0.257935
0.257934
0.257934
0.257934
0.257934
0.257936
0.257936
0.257937
0.257937
0.257937
0.257936
0.257937
0.257935
0.257931
0.257931
0.257934
0.257933
0.257933
0.257933
0.257932
0.257933
0.257933
0.257934
0.257935
0.257936
0.257937
0.257938
0.257936
0.257935
0.257934
0.257934
0.257933
0.257934
0.257934
0.257935
0.257935
0.257934
0.257934
0.257935
0.257933
0.257932
0.257932
0.257932
0.257932
0.257931
0.257930
0.257930
0.257933
0.257932
0.257932
0.257932
0.257932
0.257933
0.257934
0.257932
0.257933
0.257933
0.257932
0.257934
0.257933
0.257933
0.257933
0.257933
0.257934
0.257935
0.257935
0.257934
0.257934
0.257933
0.257930
0.257929
0.257929
0.257930
0.257928
0.257929
0.257930
0.257930
0.257930
0.257928
0.257927
0.257928
0.257928
0.257928
0.257927
0.257927
0.257928
0.257927
0.257926
0.257925
0.257925
0.257924
0.257926
0.257927
0.257928
0.257926
0.257925
0.257925
0.257925
0.257925
0.257924
0.257924
0.257924
0.257925
0.257908
0.257906
0.257906
0.257907
0.257913
0.257913
0.257914
0.257914
0.257915
0.257914
0.257913
0.257912
0.257912
0.257912
0.257912
0.257911
0.257909
0.257907
0.257907
0.257908
0.257910
0.257911
0.257910
0.257909
0.257908
0.257909
0.257906
0.257906
0.257907
0.257907
0.257907
0.257906
0.257907
0.257907
0.257906
0.257905
0.257907
0.257905
0.257906
0.257905
0.257906
0.257904
0.257901
0.257901
0.257902
0.257899
0.257894
0.257892
0.257890
0.257891
0.257888
0.257888
0.257889
0.257888
0.257889
0.257891
0.257890
0.257889
0.257888
0.257888
0.257889
0.257888
0.257887
0.257888
0.257888
0.257888
0.257887
0.257887
0.257888
0.257887
0.257887
0.257887
0.257888
0.257887
0.257886
0.257884
0.257883
0.257883
0.257883
0.257886
0.257884
0.257884
0.257884
0.257882
0.257880
0.257879
0.257878
0.257878
0.257879
0.257878
0.257878
0.257878
0.257877
0.257876
0.257876
0.257877
0.257876
0.257876
0.257876
0.257876
0.257875
0.257873
0.257873
0.257871
0.257870
0.257870
0.257870
0.257870
0.257869
0.257869
0.257869
0.257869
0.257869
0.257870
0.257869
0.257869
0.257870
0.257870
0.257869
0.257868
0.257867
0.257867
0.257868
0.257868
0.257868
0.257867
0.257867
0.257870
0.257869
0.257871
0.257872
0.257871
0.257871
0.257872
0.257872
0.257872
0.257871
0.257870
0.257870
0.257870
0.257871
0.257870
0.257868
0.257868
0.257868
0.257869
0.257847
0.257848
0.257847
0.257847
0.257846
0.257847
0.257847
0.257847
0.257846
0.257847
0.257848
0.257846
0.257847
0.257847
0.257847
0.257845
0.257846
0.257845
0.257844
0.257844
0.257846
0.257846
0.257846
0.257845
0.257846
0.257847
0.257847
0.257846
0.257844
0.257844
0.257845
0.257845
0.257846
0.257848
0.257846
0.257846
0.257847
0.257844
0.257844
0.257844
0.257845
0.257845
0.257843
0.257842
0.257843
0.257843
0.257845
0.257845
0.257844
0.257844
0.257843
0.257843
0.257841
0.257843
0.257841
0.257840
0.257840
0.257841
0.257841
0.257842
0.257841
0.257840
0.257840
0.257839
0.257839
0.257840
0.257840
0.257840
0.257839
0.257838
0.257838
0.257839
0.257838
0.257840
0.257839
0.257840
0.257839
0.257837
0.257837
0.257835
0.257836
0.257837
0.257837
0.257835
0.257835
0.257834
0.257834
0.257837
0.257837
0.257835
0.257836
0.257836
0.257831
0.257830
0.257829
0.257829
0.257830
0.257890
0.257892
0.257893
0.257891
0.257890
0.257888
0.257889
0.257888
0.257888
0.257888
0.257888
0.257888
0.257888
0.257887
0.257888
0.257888
0.257889
0.257888
0.257883
0.257882
0.257883
0.257882
0.257882
0.257882
0.257882
0.257882
0.257882
0.257881
0.257881
0.257880
0.257878
0.257877
0.257878
0.257879
0.257880
0.257880
0.257878
0.257879
0.257879
0.257878
0.257877
0.257878
0.257878
0.257877
0.257877
0.257880
0.257879
0.257877
0.257877
0.257877
0.257878
0.257877
0.257878
0.257878
0.257877
0.257878
0.257878
0.257877
0.257877
0.257879
0.257880
0.257880
0.257877
0.257878
0.257876
0.257876
0.257877
0.257861
0.257860
0.257860
0.257862
0.257863
0.257861
0.257862
0.257860
0.257860
0.257862
0.257860
0.257861
0.257861
0.257861
0.257862
0.257863
0.257864
0.257865
0.257863
0.257864
0.257865
0.257864
0.257863
0.257863
0.257863
0.257864
0.257865
0.257864
0.257866
0.257865
0.257865
0.257864
0.257863
0.257863
0.257864
0.257864
0.257864
0.257862
0.257863
0.257865
0.257867
0.257868
0.257869
0.257869
0.257868
0.257869
0.257869
0.257867
0.257865
0.257865
0.257866
0.257865
0.257865
0.257864
0.257863
0.257864
0.257864
0.257864
0.257865
0.257864
0.257864
0.257865
0.257863
0.257861
0.257861
0.257862
0.257861
0.257861
0.257856
0.257857
0.257856
0.257855
0.257854
0.257852
0.257851
0.257850
0.257850
0.257754
0.257752
0.257754
0.257755
0.257756
0.257756
0.257754
0.257754
0.257753
0.257750
0.257751
0.257750
0.257749
0.257750
0.257750
0.257751
0.257750
0.257754
0.257754
0.257754
0.257753
0.257754
0.257755
0.257754
0.257753
0.257750
0.257749
0.257748
0.257749
0.257749
0.257748
0.257749
0.257748
0.257748
0.257746
0.257742
0.257743
0.257743
0.257742
0.257745
0.257745
0.257745
0.257745
0.257743
0.257742
0.257743
0.257740
0.257741
0.257743
0.257742
0.257741
0.257741
0.257740
0.257740
0.257740
0.257740
0.257737
0.257667
0.257667
0.257667
0.257666
0.257668
0.257668
0.257677
0.257676
0.257676
0.257676
0.257675
0.257672
0.257671
0.257671
0.257670
0.257670
0.257671
0.257671
0.257671
0.257674
0.257675
0.257674
0.257674
0.257674
0.257673
0.257670
0.257670
0.257669
0.257670
0.257671
0.257671
0.257673
0.257672
0.257672
0.257670
0.257672
0.257671
0.257671
0.257672
0.257672
0.257672
0.257673
0.257672
0.257672
0.257672
0.257669
0.257669
0.257669
0.257668
0.257666
0.257665
0.257664
0.257664
0.257665
0.257667
0.257666
0.257667
0.257667
0.257667
0.257666
0.257667
0.257665
0.257664
0.257661
0.257661
0.257660
0.257661
0.257661
0.257661
0.257662
0.257661
0.257660
0.257661
0.257660
0.257659
0.257657
0.257658
0.257659
0.257659
0.257660
0.257658
0.257657
0.257660
0.257653
0.257653
0.257652
0.257652
0.257652
0.257652
0.257647
0.257647
0.257647
0.257648
0.257647
0.257646
0.257647
0.257646
0.257647
0.257648
0.257648
0.257649
0.257648
0.257649
0.257651
0.257650
0.257649
0.257646
0.257645
0.257645
0.257644
0.257643
0.257643
0.257644
0.257645
0.257645
0.257647
0.257643
0.257642
0.257641
0.257642
0.257642
0.257641
0.257642
0.257643
0.257625
0.257625
0.257624
0.257624
0.257626
0.257627
0.257626
0.257628
0.257629
0.257627
0.257627
0.257628
0.257629
0.257630
0.257629
0.257631
0.257626
0.257627
0.257626
0.257627
0.257626
0.257626
0.257625
0.257625
0.257629
0.257628
0.257630
0.257630
0.257631
0.257631
0.257629
0.257629
0.257630
0.257629
0.257630
0.257630
0.257629
0.257627
0.257621
0.257620
0.257621
0.257620
0.257619
0.257619
0.257619
0.257618
0.257617
0.257618
0.257618
0.257618
0.257618
0.257618
0.257620
0.257616
0.257617
0.257616
0.257617
0.257616
0.257616
0.257609
0.257608
0.257610
0.257611
0.257611
0.257645
0.257644
0.257644
0.257643
0.257645
0.257646
0.257646
0.257644
0.257644
0.257646
0.257646
0.257647
0.257648
0.257648
0.257648
0.257648
0.257649
0.257650
0.257650
0.257646
0.257646
0.257646
0.257644
0.257643
0.257640
0.257642
0.257641
0.257642
0.257642
0.257644
0.257645
0.257646
0.257647
0.257647
0.257647
0.257647
0.257648
0.257648
0.257647
0.257649
0.257648
0.257647
0.257649
0.257650
0.257647
0.257647
0.257646
0.257647
0.257647
0.257648
0.257648
0.257648
0.257501
0.257499
0.257500
0.257499
0.257501
0.257498
0.257498
0.257498
0.257499
0.257500
0.257497
0.257496
0.257497
0.257496
0.257496
0.257495
0.257493
0.257493
0.257493
0.257493
0.257492
0.257491
0.257492
0.257491
0.257491
0.257491
0.257492
0.257489
0.257488
0.257488
0.257488
0.257490
0.257490
0.257492
0.257493
0.257492
0.257492
0.257492
0.257493
0.257490
0.257492
0.257492
0.257491
0.257491
0.257490
0.257487
0.257487
0.257486
0.257486
0.257485
0.257485
0.257486
0.257484
0.257485
0.257486
0.257486
0.257477
0.257476
0.257478
0.257477
0.257476
0.257478
0.257479
0.257478
0.257479
0.257479
0.257479
0.257480
0.257479
0.257481
0.257481
0.257482
0.257480
0.257478
0.257480
0.257480
0.257479
0.257479
0.257480
0.257481
0.257480
0.257480
0.257478
0.257479
0.257479
0.257478
0.257481
0.257480
0.257481
0.257481
0.257483
0.257483
0.257482
0.257484
0.257482
0.257482
0.257480
0.257481
0.257480
0.257480
0.257481
0.257480
0.257480
0.257480
0.257480
0.257480
0.257479
0.257478
0.257478
0.257477
0.257462
0.257463
0.257463
0.257462
0.257471
0.257470
0.257471
0.257471
0.257470
0.257470
0.257469
0.257469
0.257468
0.257466
0.257466
0.257463
0.257463
0.257462
0.257464
0.257463
0.257463
0.257464
0.257466
0.257465
0.257466
0.257466
0.257465
0.257466
0.257466
0.257465
0.257467
0.257467
0.257468
0.257468
0.257468
0.257468
0.257468
0.257469
0.257469
0.257469
0.257470
0.257468
0.257470
0.257469
0.257469
0.257470
0.257469
0.257468
0.257470
0.257469
0.257469
0.257471
0.257466
0.257464
0.257466
0.257466
0.257468
0.257467
0.257467
0.257468
0.257465
0.257466
0.257465
0.257464
0.257458
0.257457
0.257458
0.257458
0.257458
0.257457
0.257457
0.257458
0.257462
0.257462
0.257462
0.257463
0.257464
0.257464
0.257465
0.257465
0.257465
0.257469
0.257469
0.257468
0.257469
0.257468
0.257470
0.257468
0.257469
0.257469
0.257470
0.257471
0.257469
0.257470
0.257470
0.257469
0.257470
0.257469
0.257470
0.257469
0.257469
0.257471
0.257470
0.257400
0.257401
0.257400
0.257400
0.257401
0.257401
0.257401
0.257400
0.257401
0.257402
0.257403
0.257404
0.257405
0.257405
0.257406
0.257406
0.257406
0.257405
0.257406
0.257405
0.257406
0.257404
0.257405
0.257405
0.257405
0.257405
0.257404
0.257403
0.257403
0.257402
0.257403
0.257403
0.257405
0.257405
0.257405
0.257405
0.257407
0.257405
0.257406
0.257406
0.257407
0.257405
0.257409
0.257408
0.257408
0.257409
0.257408
0.257408
0.257410
0.257408
0.257406
0.257405
0.257405
0.257405
0.257403
0.257404
0.257403
0.257403
0.257403
0.257401
0.257403
0.257401
0.257402
0.257401
0.257401
0.257401
0.257400
0.257400
0.257400
0.257400
0.257401
0.257402
0.257402
0.257402
0.257402
0.257401
0.257400
0.257401
0.257402
0.257403
0.257402
0.257401
0.257401
0.257401
0.257402
0.257400
0.257402
0.257404
0.257402
0.257404
0.257405
0.257404
0.257405
0.257401
0.257403
0.257402
0.257402
0.257402
0.257404
0.257386
0.257384
0.257385
0.257384
0.257385
0.257385
0.257386
0.257385
0.257385
0.257386
0.257386
0.257385
0.257384
0.257382
0.257383
0.257384
0.257384
0.257383
0.257385
0.257387
0.257386
0.257386
0.257386
0.257387
0.257385
0.257387
0.257387
0.257389
0.257390
0.257389
0.257389
0.257389
0.257390
0.257389
0.257391
0.257391
0.257390
0.257389
0.257390
0.257389
0.257389
0.257389
0.257388
0.257388
0.257387
0.257386
0.257389
0.257388
0.257386
0.257384
0.257383
0.257383
0.257383
0.257384
0.257383
0.257209
0.257211
0.257209
0.257211
0.257211
0.257211
0.257210
0.257210
0.257209
0.257210
0.257210
0.257210
0.257211
0.257212
0.257212
0.257213
0.257212
0.257212
0.257213
0.257213
0.257214
0.257214
0.257216
0.257216
0.257216
0.257217
0.257219
0.257218
0.257218
0.257218
0.257219
0.257222
0.257221
0.257222
0.257223
0.257223
0.257224
0.257223
0.257223
0.257233
0.257234
0.257234
0.257234
0.257233
0.257233
0.257233
0.257233
0.257234
0.257235
0.257235
0.257233
0.257234
0.257233
0.257233
0.257234
0.257235
0.257237
0.257236
0.257236
0.257237
0.257236
0.257238
0.257237
0.257236
0.257236
0.257236
0.257237
0.257237
0.257237
0.257237
0.257237
0.257237
0.257237
0.257239
0.257240
0.257241
0.257242
0.257243
0.257243
0.257242
0.257244
0.257244
0.257245
0.257248
0.257247
0.257244
0.257244
0.257243
0.257243
0.257243
0.257243
0.257245
0.257242
0.257243
0.257244
0.257243
0.257244
0.257244
0.257246
0.257245
0.257246
0.257248
0.257248
0.257249
0.257250
0.257247
0.257252
0.257250
0.257252
0.257252
0.257254
0.257253
0.257253
0.257254
0.257254
0.257254
0.257254
0.257254
0.257256
0.257255
0.257257
0.257260
0.257260
0.257258
0.257257
0.257258
0.257260
0.257261
0.257262
0.257246
0.257244
0.257243
0.257244
0.257244
0.257244
0.257242
0.257244
0.257244
0.257244
0.257244
0.257245
0.257244
0.257246
0.257247
0.257248
0.257247
0.257248
0.257248
0.257249
0.257247
0.257250
0.257250
0.257251
0.257249
0.257249
0.257249
0.257249
0.257250
0.257250
0.257251
0.257252
0.257252
0.257252
0.257254
0.257255
0.257255
0.257257
0.257255
0.257255
0.257255
0.257256
0.257291
0.257292
0.257288
0.257286
0.257288
0.257289
0.257288
0.257288
0.257288
0.257290
0.257288
0.257290
0.257291
0.257289
0.257289
0.257291
0.257291
0.257291
0.257292
0.257293
0.257292
0.257293
0.257294
0.257294
0.257292
0.257294
0.257294
0.257293
0.257295
0.257296
0.257295
0.257297
0.257300
0.257302
0.257302
0.257302
0.257299
0.257303
0.257302
0.257300
0.257302
0.257302
0.257303
0.257304
0.257304
0.257231
0.257229
0.257232
0.257232
0.257232
0.257233
0.257233
0.257237
0.257235
0.257236
0.257237
0.257236
0.257235
0.257236
0.257234
0.257235
0.257236
0.257238
0.257240
0.257239
0.257239
0.257239
0.257239
0.257240
0.257240
0.257240
0.257241
0.257241
0.257242
0.257243
0.257242
0.257241
0.257244
0.257244
0.257245
0.257245
0.257246
0.257247
0.257246
0.257247
0.257248
0.257248
0.257245
0.257245
0.257244
0.257245
0.257245
0.257246
0.257246
0.257246
0.257247
0.257247
0.257247
0.257251
0.257248
0.257250
0.257249
0.257250
0.257249
0.257251
0.257250
0.257252
0.257250
0.257252
0.257251
0.257250
0.257251
0.257251
0.257252
0.257253
0.257252
0.257254
0.257256
0.257256
0.257256
0.257255
0.257256
0.257256
0.257266
0.257267
0.257268
0.257268
0.257268
0.257249
0.257251
0.257250
0.257250
0.257249
0.257250
0.257250
0.257251
0.257251
0.257252
0.257252
0.257251
0.257252
0.257252
0.257252
0.257254
0.257252
0.257255
0.257255
0.257255
0.257254
0.257256
0.257256
0.257254
0.257255
0.257258
0.257257
0.257258
0.257257
0.257256
0.257255
0.257253
0.257254
0.257255
0.257256
0.257257
0.257257
0.257255
0.257255
0.257254
0.257249
0.257249
0.257251
0.257249
0.257249
0.257249
0.257250
0.257250
0.257249
0.257250
0.257249
0.257250
0.257250
0.257249
0.257252
0.257252
0.257251
0.257251
0.257250
0.257250
0.257248
0.257249
0.257248
0.257250
0.257250
0.257249
0.257249
0.257249
0.257248
0.257247
0.257248
0.257246
0.257247
0.257247
0.257248
0.257247
0.257247
0.257250
0.257251
0.257251
0.257124
0.257124
0.257124
0.257124
0.257126
0.257127
0.257127
0.257128
0.257129
0.257130
0.257131
0.257131
0.257130
0.257133
0.257132
0.257133
0.257133
0.257133
0.257134
0.257133
0.257134
0.257135
0.257135
0.257134
0.257135
0.257135
0.257135
0.257134
0.257136
0.257134
0.257134
0.257200
0.257200
0.257199
0.257200
0.257199
0.257201
0.257200
0.257200
0.257196
0.257197
0.257197
0.257196
0.257199
0.257197
0.257199
0.257199
0.257199
0.257198
0.257200
0.257199
0.257199
0.257199
0.257198
0.257200
0.257200
0.257200
0.257201
0.257199
0.257200
0.257200
0.257201
0.257202
0.257202
0.257202
0.257203
0.257207
0.257206
0.257207
0.257208
0.257206
0.257207
0.257209
0.257209
0.257209
0.257210
0.257208
0.257192
0.257193
0.257192
0.257195
0.257193
0.257194
0.257194
0.257195
0.257195
0.257195
0.257197
0.257176
0.257176
0.257179
0.257177
0.257178
0.257178
0.257177
0.257179
0.257177
0.257177
0.257178
0.257179
0.257180
0.257179
0.257181
0.257178
0.257179
0.257180
0.257179
0.257181
0.257178
0.257180
0.257180
0.257180
0.257182
0.257182
0.257185
0.257182
0.257180
0.257182
0.257181
0.257183
0.257182
0.257182
0.257183
0.257183
0.257183
0.257183
0.257183
0.257182
0.257183
0.257183
0.257184
0.257182
0.257183
0.257185
0.257185
0.257183
0.257185
0.257186
0.257185
0.257183
0.257185
0.257194
0.257195
0.257196
0.257195
0.257196
0.257195
0.257197
0.257197
0.257197
0.257199
0.257195
0.257128
0.257127
0.257127
0.257128
0.257126
0.257127
0.257126
0.257127
0.257127
0.257127
0.257127
0.257127
0.257128
0.257128
0.257131
0.257131
0.257132
0.257132
0.257130
0.257131
0.257130
0.257131
0.257132
0.257134
0.257132
0.257134
0.257135
0.257135
0.257131
0.257133
0.257132
0.257132
0.257132
0.257132
0.257134
0.257134
0.257134
0.257130
0.257131
0.257134
0.257133
0.257133
0.257136
0.257135
0.257134
0.257135
0.257133
0.257133
0.257134
0.257135
0.257135
0.257136
0.257137
0.257137
0.257137
0.257136
0.257138
0.257137
0.257137
0.257136
0.257136
0.257136
0.257137
0.257137
0.257139
0.257137
0.257139
0.257141
0.257141
0.257142
0.257141
0.257141
0.257142
0.257125
0.257127
0.257126
0.257127
0.257129
0.257127
0.257129
0.257130
0.257131
0.257130
0.257131
0.257133
0.257131
0.257133
0.257133
0.257135
0.257135
0.257133
0.257135
0.257135
0.257171
0.257170
0.257171
0.257169
0.257170
0.257171
0.257171
0.257172
0.257171
0.257171
0.257173
0.257172
0.257173
0.257173
0.257174
0.257169
0.257170
0.257171
0.257172
0.257171
0.257172
0.257173
0.257173
0.257175
0.257175
0.257176
0.257177
0.257180
0.257181
0.257181
0.257182
0.257181
0.257182
0.257182
0.257182
0.257183
0.257183
0.257182
0.257184
0.257184
0.257183
0.257185
0.257185
0.257186
0.257187
0.257186
0.257185
0.257188
0.257188
0.257188
0.257191
0.257190
0.257192
0.257192
0.257192
0.257193
0.257193
0.257196
0.257195
0.257195
0.257196
0.257197
0.257197
0.257196
0.257199
0.257197
0.257198
0.257197
0.257197
0.257199
0.257196
0.257198
0.257200
0.257197
0.257200
0.257200
0.257200
0.257200
0.257201
0.257200
0.257201
0.257201
0.257199
0.257201
0.257194
0.257196
0.257200
0.257202
0.257201
0.257203
0.257202
0.257204
0.257204
0.257204
0.257205
0.257206
0.257206
0.257205
0.257206
0.257206
0.257215
0.257215
0.257213
0.257214
0.257215
0.257216
0.257217
0.257217
0.257218
0.257219
0.257218
0.257220
0.257217
0.257219
0.257219
0.257219
0.257219
0.257220
0.257200
0.257201
0.257202
0.257201
0.257203
0.257202
0.257205
0.257205
0.257204
0.257206
0.257203
0.257205
0.257205
0.257203
0.257206
0.257205
0.257207
0.257206
0.257207
0.257207
0.257207
0.257207
0.257207
0.257207
0.257209
0.257207
0.257208
0.257210
0.257211
0.257210
0.257215
0.257216
0.257216
0.257217
0.257211
0.257211
0.257211
0.257212
0.257213
0.257213
0.257211
0.257210
0.257213
0.257212
0.257212
0.257213
0.257212
0.257215
0.257207
0.257208
0.257207
0.257209
0.257211
0.257209
0.257213
0.257213
0.257214
0.257217
0.257216
0.257217
0.257216
0.257216
0.257217
0.257216
0.257218
0.257217
0.257148
0.257148
0.257147
0.257151
0.257149
0.257149
0.257151
0.257151
0.257152
0.257153
0.257151
0.257152
0.257153
0.257152
0.257152
0.257154
0.257152
0.257152
0.257153
0.257152
0.257155
0.257155
0.257158
0.257157
0.257158
0.257157
0.257157
0.257160
0.257158
0.257160
0.257160
0.257159
0.257161
0.257156
0.257157
0.257157
0.257157
0.257156
